chr	start	end	bg_mean	bm_mean	mean_intensity	log2_fold_change	coefficient_of_variation	gene	fold_change
chr19	8987284	8989784	0.4022403662125011	222.301262671172	111.35175151869224	7.31511392743771	0.9963876601784304	Ahnak	159.2460665458635
chr6	48445325	48447825	0.8044807324250022	277.876578338965	139.340529535695	7.271899224635463	0.9942265130245616	Zfp467	154.54671991104533
chr5	138752514	138755014	0.5631365126975015	233.4163258047305	116.98973115871402	7.228485460713458	0.9951864449373464	Fam20c	149.9653574083551
chr5	117387139	117389639	2.051425867683756	400.1422728081096	201.09684933789669	7.0384866551655385	0.9897988164685922	Gm15728	131.46059914364048
chr1	174499825	174502325	0.3217922929700009	155.61088386982038	77.9663380813952	6.888545178874903	0.995872676582116	Fmn2	118.48373205288068
chr7	29301951	29304451	1.890529721198755	333.451894006758	167.67121186397836	6.854320998462412	0.9887247804785212	Dpf1	115.70609067048606
chr11	68966131	68968631	4.082739717056886	566.8682198114885	285.47547976427273	6.803806011337223	0.9856984574632182	Slc25a35	111.72482783366044
chr14	122473435	122475935	3.338595039563759	466.8326516094612	235.08562332451248	6.752620812881453	0.9857983870202256	Zic2	107.83044910697664
chr3	93553080	93555580	2.232434032479381	311.2217677396408	156.7271008860601	6.593806385810002	0.9857559157295818	S100a10	96.59029839509417
chr3	89389850	89392350	1.7296335747137548	255.64645207184776	128.68804282328077	6.554931209233577	0.986559484962492	Zbtb7b	94.02230923934955
chr11	77980754	77983254	2.654786417002508	333.451894006758	168.05334021188025	6.515867806452357	0.9842027155565288	Phf12	91.51065365977264
chr6	38253509	38256009	2.0112018310625053	233.4163258047305	117.71376381789652	6.282589828331133	0.9829144718014978	D630045J12Rik	77.84809486583518
chr4	43629935	43632435	2.4536662338962567	255.64645207184776	129.050059152872	6.215509840409478	0.9809867097310692	Npr2	74.31130708375136
chr17	30003087	30005587	2.0112018310625053	211.18619953761336	106.59870068433791	6.138847606605134	0.9811329611134932	Zfand3	70.46561852771698
chr19	5097918	5100418	2.373218160653757	233.4163258047305	117.89477198269216	6.118803612068624	0.9798700305302585	Cnih2	69.49337832312
chr17	24486783	24489283	1.0056009155312526	133.38075760270317	67.19317925911722	6.06614819884851	0.98503418164434	Caskin1	67.00274045652185
chr7	52005518	52008018	1.086048988773753	133.38075760270317	67.23340329573846	6.009409720199684	0.9838465861381944	Svip	64.41879281161873
chr2	38286890	38289390	2.815682563487508	244.5313889382892	123.67353575088836	6.007822506647005	0.9772329419839744	Dennd1a	64.34795999221572
chr2	25260618	25263118	2.7352344902450074	233.4163258047305	118.07578014748778	5.971730423541041	0.9768349234125032	Tprn	62.75812841655206
chr2	130397074	130399574	2.252546050790006	188.9560732704961	95.60430966064308	5.867952545006905	0.9764388649550878	Cpxm1	58.4022701921032
chr4	56864688	56867188	2.131873940926256	177.84101013693757	89.98644203893191	5.835507644685166	0.976308942851592	Ctnnal1	57.10351486370653
chr15	85203949	85206449	3.8011714607081353	255.64645207184776	129.72381176627795	5.740252047552936	0.970697966634247	Fbln1	53.45496493349447
chr7	80022814	80025314	5.45035696217939	333.451894006758	169.4511254844687	5.696275903709188	0.9678352271394092	Zfp710	51.85013728197712
chr5	14512918	14515418	2.654786417002508	183.3985417037169	93.02666406035968	5.656896337569666	0.971462091607628	Pclo	50.45398572290643
chr11	114673431	114675931	3.8816195339506354	244.5313889382892	124.20650423611993	5.652403803417234	0.9687486612893348	Ttyh2	50.29711701837272
chr15	80171721	80174221	1.6491855014712544	122.2656944691446	61.95743998530793	5.540078667545358	0.9733819618457068	Mgat3	46.52965766296383
chr2	70508699	70511199	3.3587070578743843	200.0711364040548	101.7149217309646	5.5276619430037055	0.9669792101225996	Erich2	46.130913074509614
chr1	135764119	135766619	1.7095215564031296	122.2656944691446	61.98760801277387	5.50758941033488	0.972421559547017	Phlda3	45.49352788053805
chr10	81495892	81498392	7.521894848173771	372.35461497421306	189.9382549111934	5.453228503654366	0.9603982101884077	Ncln	43.81122058250018
chr10	34207051	34209551	1.5888494465393792	111.15063133558598	56.369740391062685	5.436982863313965	0.9718137881154534	Dse	43.32064635334522
chr17	46629004	46631504	1.850305684577505	122.2656944691446	62.058000076861056	5.434510884094785	0.9701842521143796	Ptk7	43.24648234612634
chr3	95014948	95017448	7.823575122833146	377.9121465409924	192.8678608319128	5.424356254667651	0.9594355685333624	Zfp687	42.94315413720059
chr13	48870385	48872885	1.3877292634331289	100.0355682020274	50.71164873273027	5.403080189847524	0.9726349014849232	Phf2	42.314499281529216
chr18	35654738	35657238	2.7352344902450074	155.61088386982038	79.1730591800327	5.389841852540606	0.965452459225741	Prob1	41.9279925474097
chr7	66387850	66390350	2.514002288828132	144.49582073626178	73.50491151254495	5.371718772077855	0.9657981727057916	Lrrk1	41.40458906325375
chr10	105571953	105574453	7.300662646756895	333.451894006758	170.37627832675744	5.332428392822949	0.9571497703878984	Gm15663	40.292192110400926
chr9	45836580	45839080	2.172097977547506	122.2656944691446	62.21889622334606	5.280190202605984	0.9650894164089576	Bace1	38.85935911867608
chr7	16614493	16616993	4.0224036621250105	177.84101013693757	90.93170689953128	5.15415580349324	0.9557645644266934	Arhgap35	35.6086491983141
chr9	91360413	91362913	1.5285133916075042	88.92050506846878	45.224509230038144	5.152288814505169	0.9662016588431596	Zic4	35.5625979150151
chr14	61046355	61048855	1.890529721198755	100.0355682020274	50.96304896161308	5.12738554679253	0.962903912546073	Tnfrsf19	34.953997345554406
chr3	104818063	104820563	3.901731552261261	166.725947003379	85.31383927782012	5.096670603262772	0.9542661356552544	Mov10	34.217693322271764
chr10	95416680	95419180	2.091649904305006	100.0355682020274	51.0636090531662	5.030342494395169	0.9590383456420556	Socs2	32.6801453364235
chr10	77166048	77168548	1.9307537578200047	94.47803663524807	48.20439519653404	5.025825236960789	0.9599465204376464	Col18a1	32.577979770728994
chr11	74828920	74831420	7.40122273831002	266.76151520540634	137.08136897185818	4.994205492647785	0.9460085437297504	Mnt	31.871731478371554
chr11	119265887	119268387	2.574338343760007	111.15063133558598	56.862484839672994	4.971617726561027	0.9547269460520676	Gaa	31.37661310977341
chr7	18989245	18991745	4.122963753678136	155.61088386982038	79.86692381174926	4.93406198340921	0.9483770808126254	Mypop	30.57036734983307
chr7	128521616	128524116	2.695010453623757	111.15063133558598	56.92282089460487	4.923715485729675	0.9526550088124816	Bag3	30.351911785688724
chr2	124087969	124090469	0.8849288056675024	55.57531566779299	28.23012223673025	4.907590790573493	0.9686530296168494	Sema6d	30.014563678843132
chrX	71048256	71050756	0.5229124760762515	44.46025253423439	22.49158250515532	4.899700762823806	0.9767507477094424	Mamld1	29.85086355806977
chr6	90602725	90605225	4.444756046648137	155.61088386982038	80.02781995823426	4.846173257630456	0.9444598634703804	Slc41a3	28.76361815443174
chr3	52266336	52268836	5.711813200217516	188.9560732704961	97.33394323535684	4.8228194643428575	0.9413173553812964	Foxo1	28.301752090528986
chr10	127120660	127123160	3.2179229297000087	105.59309976880668	54.40551134925335	4.659437504713038	0.9408529972442916	Os9	25.27146691520697
chr3	51559152	51561652	3.901731552261261	122.2656944691446	63.08371301070294	4.652336059416927	0.9381499381369752	Setd7	25.14737764704392
chr7	92636642	92639142	1.7296335747137548	66.69037880135159	34.21000618803267	4.632171588087793	0.9494407114337552	Ankrd42	24.79833902557782
chr1	164247046	164249546	7.803463104522521	211.18619953761336	109.49483132106796	4.591115854576383	0.9287321327374742	Slc19a2	24.102582928825917
chr2	70506819	70509319	3.238034948010634	100.0355682020274	51.63680157501902	4.575323968777145	0.9372921085496292	Erich2os	23.84019231588788
chr2	164495520	164498020	2.7955705451768824	88.92050506846878	45.85803780682284	4.566261467881667	0.9390385921666942	Pigt	23.69090601747155
chr5	123684118	123686618	2.896130636730008	88.92050506846878	45.9083178525994	4.528536182246583	0.936914904047916	Clip1	23.079437896861272
chr12	30909668	30912168	2.4536662338962567	77.80544193491019	40.129554084403225	4.512094687807121	0.9388563792975236	Sh3yl1	22.817909027070563
chr17	35164397	35166897	3.962067607193136	111.15063133558598	57.55634947138956	4.49835253986279	0.9311619370654732	Prrc2a	22.601592766090015
chr8	72317033	72319533	3.5397152226700097	100.0355682020274	51.78764171234871	4.476117653620583	0.9316494224175886	Klf2	22.255926472542885
chr4	150279646	150282146	4.585540174822513	122.2656944691446	63.42561732198356	4.463930725515076	0.9277020805088302	Rere	22.068715041166364
chr12	112720174	112722674	0.5631365126975015	33.34518940067579	16.95416295668665	4.457592357228239	0.9667847646541934	Cep170b	21.971970535961944
chr8	105965615	105968115	2.614562380381257	77.80544193491019	40.210002157645725	4.446402364930858	0.9349773131040704	Slc12a4	21.80220830124336
chr2	103760770	103763270	2.131873940926256	66.69037880135159	34.41112637113892	4.433852740437938	0.9380469584769452	Nat10	21.613379107248495
chr3	89772740	89775240	3.197810911389384	88.92050506846878	46.05915798992908	4.420941051338285	0.930571659341046	4632404H12Rik	21.4208088374107
chr8	54075606	54078106	1.6894095380925045	55.57531566779299	28.63236260294275	4.394811361312153	0.9409965024011372	Vegfc	21.03633339083036
chr11	69837284	69839784	11.34317832719253	255.64645207184776	133.49481519952013	4.377996480011365	0.9150290720262124	Nlgn2	20.79257426804286
chr3	90291178	90293678	14.19908492730129	311.2217677396408	162.71042633347105	4.360514751025784	0.9127340192803588	Gatad2b	20.542142453511385
chr6	148443889	148446389	3.41904311280626	88.92050506846878	46.16977409063752	4.346844227546861	0.925946288883844	Tmtc1	20.348410905492575
chr13	78199257	78201757	4.002291643814386	100.0355682020274	52.0189299229209	4.336130281362494	0.923060861695064	Nr2f1	20.197856381877205
chr2	120154106	120156606	6.254837694604392	144.49582073626178	75.37532921543308	4.32589056447033	0.9170174411215212	Ehd4	20.055006998222822
chr10	85384814	85387314	5.188900724141264	122.2656944691446	63.72729759664293	4.315944355363748	0.9185764826090068	Btbd11	19.91721954568082
chr2	32149082	32151582	1.3475052268118786	44.46025253423439	22.90387888052313	4.275405423217314	0.9411669423401572	Prrc2b	19.36534667314606
chr4	114908373	114910873	3.941955588882511	88.92050506846878	46.431230328675646	4.185496187968435	0.9151012031992616	Foxd2	18.1953284385548
chr17	24547950	24550450	8.969960166538774	177.84101013693757	93.40548515173818	4.164946048912569	0.9039675223358996	Pkd1	17.937986426180974
chr2	160366565	160369065	9.130856313023775	177.84101013693757	93.48593322498068	4.141849571159069	0.902329088473132	Mafb	17.65309906794627
chr2	26444716	26447216	13.575612359671911	255.64645207184776	134.61103221575985	4.138153915391478	0.8991493331845759	Sec16a	17.607936170280034
chr13	54369349	54371849	4.223523845231261	88.92050506846878	46.57201445685002	4.105554841064506	0.9093119785672048	Cplx2	17.214529450374844
chr13	42050021	42052521	2.3329941240325063	55.57531566779299	28.95415489591275	4.085282050044532	0.919424547792212	Hivep1	16.97432205471275
chr9	108578239	108580739	5.631365126975015	111.15063133558598	58.3909982312805	4.079988038822907	0.90355764933715	Wdr6	16.91214843221051
chr2	25426703	25429203	3.0570267832150084	66.69037880135159	34.8737027922833	4.0604560584368645	0.912340057451787	Abca2	16.68472564228675
chr4	116219618	116222118	13.25382006670191	233.4163258047305	123.33507293571624	4.039652526188981	0.8925381097912841	Pik3r3	16.44585975603454
chr8	3513384	3515884	3.298371002942509	66.69037880135159	34.994374902147044	3.977088874544517	0.90574568020816	Mcoln1	15.747914443637644
chr19	46302737	46305237	5.550917053732515	100.0355682020274	52.79324262787996	3.9470225717472673	0.8948555387503117	Nfkb2	15.423118225021696
chr17	85088726	85091226	3.41904311280626	66.69037880135159	35.054710957078925	3.937144878932114	0.902465516917468	Camkmt	15.317881512671102
chr9	61370366	61372866	6.657078060816893	111.15063133558598	58.90385469820144	3.872499966585184	0.8869839996902587	Tle3	14.646661617502335
chr15	80709319	80711819	18.18126455280505	277.876578338965	148.028921445885	3.861857033240351	0.8771776192434695	Tnrc6b	14.539009019516511
chr10	128268576	128271076	5.229124760762514	88.92050506846878	47.07481491461565	3.8515487659441328	0.8889188460911188	Stat2	14.435495919889318
chrX	36644895	36647395	1.3877292634331289	33.34518940067579	17.36645933205446	3.8463968717526233	0.9200914108685526	Akap17b	14.384038394408895
chr16	18629438	18631938	2.373218160653757	44.46025253423439	23.416735347444074	3.752408166595591	0.8986529024886984	Sept5	13.476819573811326
chr16	42873881	42876381	49.57612513569076	678.0188511470745	363.7974881413826	3.7469232126102456	0.8637260378322789	Zbtb20	13.42567959339182
chr6	120038172	120040672	5.752037236838766	88.92050506846878	47.33627115265377	3.73525537345418	0.8784856285301997	Wnk1	13.317536902472511
chr7	25219425	25221925	6.596742005885018	100.0355682020274	53.31615510395621	3.733338626910219	0.8762712353690425	Zfp526	13.299855138394529
chr14	24245420	24247920	1.6894095380925045	33.34518940067579	17.51729946938415	3.6747466725492814	0.90355764933715	Dlg5	12.7705315662097
chr9	72804874	72807374	2.574338343760007	44.46025253423439	23.5172954389972	3.668857588215079	0.8905342516771231	Prtg	12.718508479645694
chr13	93769679	93772179	3.4793791677381343	55.57531566779299	29.52734741776556	3.658802032340648	0.88216418093673	Arsb	12.630168947354544
chr2	29252505	29255005	3.559827240980635	55.57531566779299	29.56757145438681	3.633121658296186	0.8796036648977987	6530402F18Rik	12.407337532293422
chr2	29252506	29255006	3.559827240980635	55.57531566779299	29.56757145438681	3.633121658296186	0.8796036648977987	6530402F18Rik	12.407337532293422
chr9	65139154	65141654	4.464868064958762	66.69037880135159	35.577623433155175	3.630692219037367	0.8745034762271978	Igdcc3	12.38646166691352
chr9	30940562	30943062	2.815682563487508	44.46025253423439	23.63796754886095	3.574592638517132	0.8808830514862439	Adamts8	11.91405515994602
chr7	16399207	16401707	6.516293932642518	83.3629735016895	44.939633717166	3.4885165549223864	0.8549989531812	Zc3h4	11.22401202743143
chr3	148987152	148989652	5.65147714528564	72.24791036813089	38.94969375670826	3.461040930791823	0.8549031686722237	Adgrl2	11.012277238304383
chr5	28163694	28166194	5.188900724141264	66.69037880135159	35.939639762746424	3.451195705302036	0.8556217936964446	En2	10.937383199137344
chr7	97331520	97334020	9.3923125510619	111.15063133558598	60.271471943323945	3.43184911085698	0.8441665310597701	Kctd21	10.79169153011341
chr11	69605442	69607942	5.349796870626265	66.69037880135159	36.020087835988924	3.414168444280121	0.8514774063021274	Atp1b2	10.660243182657185
chr18	34756906	34759406	2.3329941240325063	33.34518940067579	17.83909176235415	3.365217361281662	0.8692201287424381	Fam53c	10.304605445605288
chr18	31632371	31634871	7.823575122833146	88.92050506846878	48.372040095650966	3.349214910611764	0.8382624527027845	Sap130	10.190937779378975
chr7	97330327	97332827	10.317465393350654	111.15063133558598	60.73404836446832	3.308814941668874	0.8301205720482359	Usp35	9.909518380456264
chr11	85830551	85833051	4.344195955095012	50.017784101013696	27.18099002805436	3.254955425447129	0.8401752125065632	Tbx2	9.546390987473936
chr12	103425367	103427867	2.172097977547506	27.787657833896496	14.979877905722	3.1819411780942968	0.8549989531811998	Ddx24	9.075273852717988
chr14	20705552	20708052	5.4302449438687646	55.57531566779299	30.50278030583088	3.137227129659685	0.8219754104569044	Zswim8	8.798314241782894
chr17	34849710	34852210	5.470468980490015	55.57531566779299	30.5228923241415	3.1282305413230325	0.8207748819346569	Skiv2l	8.74361902334759
chr12	108332377	108334877	6.838086225612519	66.69037880135159	36.76423251348205	3.110377441331997	0.8140016598169191	Cyp46a1	8.636084989746564
chr7	144939425	144941925	4.826884394550013	44.46025253423439	24.643568464392203	2.963809105432861	0.8041320841369042	Ccnd1	7.801811303610926
chr4	133756269	133758769	2.091649904305006	22.2301262671172	12.160888085711102	2.909548131805529	0.8280018786816509	Arid1a	7.513828210228501
chr16	90283925	90286425	8.024695305939396	66.69037880135159	37.35753705364549	2.907000661046697	0.7851920672817398	Scaf4	7.500572208438185
chr11	52282514	52285014	0.6435845859400018	11.115063133558598	5.8793238597493	2.881884312186197	0.8905342516771231	Tcf7	7.371122385301347
chr7	128237531	128240031	3.78105944239751	33.34518940067579	18.563124421536653	2.844705792635197	0.7963134138124515	Armc5	7.18359389053173
chr5	34367933	34370433	6.878310262233769	55.57531566779299	31.22681296501338	2.844214590033405	0.7797306350174048	Fam193a	7.181148467711142
chr2	164958802	164961302	0.7039206408718769	11.115063133558598	5.909491887215237	2.8298718733809776	0.8808830514862439	Slc12a5	7.110109968125896
chr8	116978443	116980943	7.11965448196127	55.57531566779299	31.34748507487713	2.800682486775971	0.7728795638643693	1700030J22Rik	6.967699893324457
chr4	22487866	22490366	20.41369858528443	144.49582073626178	82.4547596607731	2.764371807937603	0.7524254673803141	Pou3f2	6.794520813711604
chr9	21935033	21937533	7.6023429214162705	55.57531566779299	31.58882929460464	2.717371180442828	0.7593344517292779	Plppr2	6.576733360273734
chr17	47138875	47141375	4.243635863541886	33.34518940067579	18.79441263210884	2.711468632067964	0.774207582508221	Trerf1	6.549880711487251
chr17	35839515	35842015	12.751019608936284	88.92050506846878	50.83576233870254	2.7091115435783166	0.7491722554688903	Mdc1	6.539188193000085
chr11	98586868	98589368	0.8849288056675024	11.115063133558598	5.9999959696130505	2.684219984320152	0.852511766649641	Ormdl3	6.4273319486294005
chr10	61147203	61149703	2.654786417002508	22.2301262671172	12.442456342059854	2.668137992192835	0.7866348617974731	Sgpl1	6.356083124050107
chr7	113763998	113766498	2.695010453623757	22.2301262671172	12.46256836037048	2.6523466448768023	0.7837516011391699	Spon1	6.286890540278455
chr1	131526852	131529352	31.49542067443884	200.0711364040548	115.78327853924682	2.629397668976208	0.7279795401219107	Srgap2	6.187676054990082
chr15	13173139	13175639	6.636966042506268	44.46025253423439	25.54860928837033	2.5735341844746915	0.7402220227491052	Cdh6	5.952658723530925
chr7	44670343	44672843	14.56110125689254	88.92050506846878	51.74080316268066	2.5307059757017427	0.7185760489432237	Myh14	5.778543792242208
chr17	23739830	23742330	7.40122273831002	44.46025253423439	25.930737636272205	2.435934476125479	0.7145772387146787	Paqr4	5.411147156821976
chr11	87590162	87592662	24.778006558690063	133.38075760270317	79.07938208069662	2.3821139609826902	0.686669193578102	Mtmr4	5.21300036512722
chr19	5566074	5568574	3.74083540577626	22.2301262671172	12.98548083644673	2.292783784940633	0.7119216875453124	Ap5b1	4.900006914142915
chr2	29617720	29620220	2.654786417002508	16.672594700337896	9.663690558670202	2.2736548690120104	0.7252823441639851	Rapgef1	4.83546579305506
chr4	141538097	141540597	3.901731552261261	22.2301262671172	13.06592890968923	2.244633614933499	0.7013812351781683	Spen	4.739167377781166
chr7	29169911	29172411	3.901731552261261	22.2301262671172	13.06592890968923	2.244633614933499	0.7013812351781683	Spred3	4.739167377781166
chr14	102982137	102984637	11.02138603422253	55.57531566779299	33.29835085100776	2.23456948459353	0.6690110545252732	Kctd12	4.706222352957816
chr15	102624964	102627464	11.443738418745657	55.57531566779299	33.50952704326932	2.18475275593445	0.6584929890544596	Atf7	4.5464886647380895
chr12	86945043	86947543	9.090632276402523	44.46025253423439	26.77544240531845	2.1715891222554835	0.6604861970610489	Cipc	4.5051936577399205
chr10	80741711	80744211	4.183299808610012	22.2301262671172	13.206713037863606	2.16405424736969	0.6832444381416858	Ap3d1	4.48172537280778
chr9	107531945	107534445	4.243635863541886	22.2301262671172	13.236881065329545	2.147357587573224	0.6794081745844985	Tmem115	4.430156264021371
chr1	21078729	21081229	4.324083936784387	22.2301262671172	13.277105101950792	2.125391774588492	0.6743202751216413	Tram2	4.363215633513776
chr5	34947445	34949945	1.850305684577505	11.115063133558598	6.482684409068051	2.0876133666156287	0.7145772387146787	Rgs12	4.25044345212201
chr1	75210313	75212813	1.9910898127518804	11.115063133558598	6.553076473155239	2.0180587872409386	0.6961595334789079	Glb1l	4.050384271949502
chr2	92400763	92403263	2.212322014168756	11.115063133558598	6.663692573863677	1.9151134970140151	0.6680035896544925	Mapk8ip1	3.771434831290904
chr13	54693407	54695907	16.95443143585692	66.69037880135159	41.82240511860425	1.9146108225354703	0.5946088851710988	Rnf44	3.770120988970257
chr8	84064637	84067137	17.075103545720673	66.69037880135159	41.88274117353613	1.9049468784667487	0.5923117000634694	Gm10643	3.744951094201474
chr8	84064834	84067334	17.135439600652546	66.69037880135159	41.91290920100207	1.9001390738754589	0.591165587707692	Rfx1	3.732491756026469
chr2	25982782	25985282	8.527495763705023	33.34518940067579	20.93634258219041	1.8499390737452	0.5926941045109295	Camsap1	3.6048496113232313
chr5	24351104	24353604	2.4134421972750064	11.115063133558598	6.7642526654168025	1.82750269611334	0.6432063796767867	Kcnh2	3.549221704480658
chr5	122501725	122504225	5.550917053732515	22.2301262671172	13.890521660424858	1.8262282091576272	0.6003809511670468	Atp2a2	3.5460876815531304
chr7	45703088	45705588	15.20468584283254	55.57531566779299	35.39000075531277	1.803761677507947	0.5703677446079171	Dbp	3.4912935811598405
chr19	5272619	5275119	5.77214925514939	22.2301262671172	14.001137761133297	1.778311320870502	0.5877371286801641	Pacs1	3.430244283150365
chr16	28444727	28447227	2.574338343760007	11.115063133558598	6.844700738659302	1.7610538127124238	0.6238932216247263	Fgf12	3.3894561645818397
chr2	154569392	154571892	5.872709346702516	22.2301262671172	14.051417806909855	1.7570461430766726	0.5820557450213614	E2f1	3.380053643365971
chr5	108366047	108368547	2.695010453623757	11.115063133558598	6.905036793591178	1.7131515718810728	0.6097036794756696	Gm42517	3.278762884602169
chr7	100605410	100607910	6.154277603051267	22.2301262671172	14.192201935084231	1.6991189913785978	0.566362032389251	Rab6a	3.2470261228344923
chr7	3643268	3645768	16.572303087955046	55.57531566779299	36.07380937787402	1.6868694407464797	0.5406001369481174	Cnot3	3.219573176299958
chr13	45505444	45507944	2.876018618419383	11.115063133558598	6.995540875988991	1.6441545170721714	0.5888783055659313	Gmpr	3.1256462690829507
chr6	124863483	124865983	2.956466691661883	11.115063133558598	7.03576491261024	1.6145174061672198	0.5797945598831776	Gpr162	3.062091527041205
chr19	46394896	46397396	16.491855014712545	50.017784101013696	33.25481955786312	1.5443169430257202	0.504076244166147	Sufu	2.9166594428150825
chr5	25498283	25500783	3.1776988930787584	11.115063133558598	7.146381013318679	1.5360215036561329	0.5553415236108326	Kmt2c	2.899936889570898
chr7	5018376	5020876	3.2179229297000087	11.115063133558598	7.166493031629304	1.5221972835063649	0.5509766191779282	Zfp865	2.872281768889565
chr5	135544620	135547120	49.93814146528201	144.49582073626178	97.21698110077187	1.514159485989422	0.4863228532727447	Hip1	2.85632370068758
chr5	36988705	36991205	13.837068597710038	33.34518940067579	23.591128999192915	1.210901957710346	0.4134630607045799	Wfs1	2.3148231184950268
chr10	80146272	80148772	4.464868064958762	11.115063133558598	7.78996559925868	1.1485433516199235	0.4268436736891811	Midn	2.216899473061664
chr4	20778366	20780866	4.907332467792513	11.115063133558598	8.011197800675555	1.036223207929274	0.3874408559256026	Nkain3	2.0508517507032784
chr11	60114730	60117230	4.907332467792513	11.115063133558598	8.011197800675555	1.036223207929274	0.3874408559256026	Rai1	2.0508517507032784
chrX	105118378	105120878	0.020112018310625	0.0	0.0100560091553125	-1.5903394104585724	1.0	Magee1	0.3320933155939105
chr5	91515615	91518115	5.007892559345638	0.0	2.503946279672819	-2.586859013004445	1.0	Parm1	0.166447716919378
chr14	17658960	17661460	5.007892559345638	0.0	2.503946279672819	-2.586859013004445	1.0	Thrb	0.166447716919378
chr13	60599947	60602447	5.028004577656263	0.0	2.514002288828132	-2.591680512516275	1.0	Dapk1	0.1658923756804458
chr6	42347630	42350130	5.028004577656263	0.0	2.514002288828132	-2.591680512516275	1.0	Zyx	0.1658923756804458
chr16	4679277	4681777	5.028004577656263	0.0	2.514002288828132	-2.591680512516275	1.0	Coro7	0.1658923756804458
chr2	151979719	151982219	5.028004577656263	0.0	2.514002288828132	-2.591680512516275	1.0	Fam110a	0.1658923756804458
chr1	93510079	93512579	5.028004577656263	0.0	2.514002288828132	-2.591680512516275	1.0	Farp2	0.1658923756804458
chr7	127774670	127777170	5.0481165959668886	0.0	2.5240582979834443	-2.596485952191559	1.0	Setd1a	0.1653407278336594
chr11	11112223	11114723	5.068228614277514	0.0	2.534114307138757	-2.6012754386619967	1.0	Vwc2	0.1647927366558289
chr12	67222049	67224549	5.088340632588139	0.0	2.544170316294069	-2.6060490775008045	1.0	Mdga2	0.164248365909005
chr2	27884425	27886925	5.108452650898764	0.0	2.554226325449382	-2.6108069732366794	1.0	Col5a1	0.1637075798324908
chr2	117119374	117121874	5.108452650898764	0.0	2.554226325449382	-2.6108069732366794	1.0	Spred1	0.1637075798324908
chr8	8660742	8663242	5.108452650898764	0.0	2.554226325449382	-2.6108069732366794	1.0	Efnb2	0.1637075798324908
chr19	10387090	10389590	5.128564669209389	0.0	2.5642823346046946	-2.6155492293675326	1.0	Syt7	0.1631703431350107
chr7	27552718	27555218	5.148676687520014	0.0	2.574338343760007	-2.620275948373998	1.0	2310022A10Rik	0.1626366209870333
chr4	126255843	126258343	5.148676687520014	0.0	2.574338343760007	-2.620275948373998	1.0	Map7d1	0.1626366209870333
chr9	51008573	51011073	5.209012742451889	0.0	2.6045063712259444	-2.634363892471792	1.0	Sik2	0.1610562003139178
chr15	85857707	85860207	5.209012742451889	0.0	2.6045063712259444	-2.634363892471792	1.0	Gtse1	0.1610562003139178
chr16	18496768	18499268	5.209012742451889	0.0	2.6045063712259444	-2.634363892471792	1.0	Gnb1l	0.1610562003139178
chrX	133688487	133690987	5.229124760762514	0.0	2.614562380381257	-2.6390294679020783	1.0	Pcdh19	0.1605361970431282
chr11	118355240	118357740	5.229124760762514	0.0	2.614562380381257	-2.6390294679020783	1.0	Timp2	0.1605361970431282
chr5	34759740	34762240	5.269348797383764	0.0	2.634674398691882	-2.648315596842942	1.0	Htt	0.1595061994983124
chr19	46326656	46329156	5.269348797383764	0.0	2.634674398691882	-2.648315596842942	1.0	Psd	0.1595061994983124
chr17	25433283	25435783	5.269348797383764	0.0	2.634674398691882	-2.648315596842942	1.0	Cacna1h	0.1595061994983124
chr7	27551233	27553733	5.309572834005015	0.0	2.654786417002508	-2.657542336250096	1.0	Pld3	0.1584893345886377
chr17	3083683	3086183	5.309572834005015	0.0	2.654786417002508	-2.657542336250096	1.0	Pisd-ps2	0.1584893345886377
chr14	118924814	118927314	5.309572834005015	0.0	2.654786417002508	-2.657542336250096	1.0	Dzip1	0.1584893345886377
chr19	4282637	4285137	5.309572834005015	0.0	2.654786417002508	-2.657542336250096	1.0	Ankrd13d	0.1584893345886377
chr6	29394309	29396809	5.309572834005015	0.0	2.654786417002508	-2.657542336250096	1.0	Ccdc136	0.1584893345886377
chr11	75529694	75532194	5.309572834005015	0.0	2.654786417002508	-2.657542336250096	1.0	Slc43a2	0.1584893345886377
chr6	30304039	30306539	5.309572834005015	0.0	2.654786417002508	-2.657542336250096	1.0	Ube2h	0.1584893345886377
chr15	72809824	72812324	5.36990888893689	0.0	2.684954444468445	-2.671272737250968	1.0	Trappc9	0.156988116696108
chr15	76327515	76330015	5.36990888893689	0.0	2.684954444468445	-2.671272737250968	1.0	Oplah	0.156988116696108
chr2	35254380	35256880	5.390020907247514	0.0	2.695010453623757	-2.675820651474768	1.0	Gsn	0.1564940106636908
chr7	44892212	44894712	5.390020907247514	0.0	2.695010453623757	-2.675820651474768	1.0	Med25	0.1564940106636908
chr18	47368370	47370870	5.390020907247514	0.0	2.695010453623757	-2.675820651474768	1.0	Sema6a	0.1564940106636908
chr9	35419128	35421628	5.390020907247514	0.0	2.695010453623757	-2.675820651474768	1.0	Cdon	0.1564940106636908
chr4	41569038	41571538	5.390020907247514	0.0	2.695010453623757	-2.675820651474768	1.0	Fam219a	0.1564940106636908
chr13	43613710	43616210	5.410132925558139	0.0	2.7050664627790697	-2.6803542740133084	1.0	Rnf182	0.1560030051815078
chr9	110877870	110880370	5.4302449438687646	0.0	2.7151224719343823	-2.6848736944076754	1.0	Als2cl	0.1555150711565816
chr14	77154763	77157263	5.4302449438687646	0.0	2.7151224719343823	-2.6848736944076754	1.0	Enox1	0.1555150711565816
chr13	55513176	55515676	5.4302449438687646	0.0	2.7151224719343823	-2.6848736944076754	1.0	Pdlim7	0.1555150711565816
chr5	24421837	24424337	5.45035696217939	0.0	2.725178481089695	-2.6893790013600847	1.0	Slc4a2	0.1550301798587793
chr11	60415145	60417645	5.470468980490015	0.0	2.7352344902450074	-2.693870282744328	1.0	Gid4	0.1545483029151727
chr17	86751907	86754407	5.470468980490015	0.0	2.7352344902450074	-2.693870282744328	1.0	Epas1	0.1545483029151727
chr12	44209568	44212068	5.510693017111265	0.0	2.755346508555633	-2.7028111162229105	1.0	Dnajb9	0.1535934803517569
chr5	143269522	143272022	5.510693017111265	0.0	2.755346508555633	-2.7028111162229105	1.0	Zfp316	0.1535934803517569
chr1	64121782	64124282	5.591141090353765	0.0	2.7955705451768824	-2.720528253227767	1.0	Klf7	0.1517187974421478
chr15	26894549	26897049	5.591141090353765	0.0	2.7955705451768824	-2.720528253227767	1.0	Fbxl7	0.1517187974421478
chr11	69979156	69981656	5.631365126975015	0.0	2.815682563487508	-2.729305892839715	1.0	Ctdnep1	0.1507985129535708
chr9	119340911	119343411	5.631365126975015	0.0	2.815682563487508	-2.729305892839715	1.0	Myd88	0.1507985129535708
chr7	98177774	98180274	5.631365126975015	0.0	2.815682563487508	-2.729305892839715	1.0	Capn5	0.1507985129535708
chr12	113012508	113015008	5.65147714528564	0.0	2.82573857264282	-2.733674766708426	1.0	Pacs2	0.1503425446945673
chr15	74719204	74721704	5.671589163596265	0.0	2.8357945817981327	-2.7380304503695823	1.0	Them6	0.1498893255382887
chr5	23432441	23434941	5.671589163596265	0.0	2.8357945817981327	-2.7380304503695823	1.0	Kmt2e	0.1498893255382887
chr7	29518141	29520641	5.671589163596265	0.0	2.8357945817981327	-2.7380304503695823	1.0	Sipa1l3	0.1498893255382887
chr9	110476194	110478694	5.671589163596265	0.0	2.8357945817981327	-2.7380304503695823	1.0	Klhl18	0.1498893255382887
chr7	125707280	125709780	5.671589163596265	0.0	2.8357945817981327	-2.7380304503695823	1.0	Gtf3c1	0.1498893255382887
chr11	5444347	5446847	5.691701181906891	0.0	2.8458505909534453	-2.7423730232294665	1.0	Znrf3	0.149438830697314
chr3	89416443	89418943	5.691701181906891	0.0	2.8458505909534453	-2.7423730232294665	1.0	Shc1	0.149438830697314
chr15	3582992	3585492	5.711813200217516	0.0	2.855906600108758	-2.7467025639794613	1.0	Ghr	0.1489910356813256
chr11	16950782	16953282	5.731925218528141	0.0	2.8659626092640704	-2.751019150604608	1.0	Eldr	0.1485459162926706
chr1	59761400	59763900	5.752037236838766	0.0	2.876018618419383	-2.755322860392031	1.0	Bmpr2	0.1481034486220028
chrX	60892930	60895430	5.752037236838766	0.0	2.876018618419383	-2.755322860392031	1.0	Sox3	0.1481034486220028
chr11	19018485	19020985	5.752037236838766	0.0	2.876018618419383	-2.755322860392031	1.0	Meis1	0.1481034486220028
chr6	28831247	28833747	5.77214925514939	0.0	2.886074627574695	-2.759613769939248	1.0	Lrrc4	0.1476636090440006
chr12	74282242	74284742	5.792261273460015	0.0	2.896130636730008	-2.763891955162341	1.0	1700086L19Rik	0.147226374213163
chr5	35891319	35893819	5.792261273460015	0.0	2.896130636730008	-2.763891955162341	1.0	Afap1	0.147226374213163
chr16	4592713	4595213	5.792261273460015	0.0	2.896130636730008	-2.763891955162341	1.0	Glis2	0.147226374213163
chr15	76232074	76234574	5.8123732917706405	0.0	2.9061866458853203	-2.768157491304023	1.0	Parp10	0.1467917210596785
chr15	79834188	79836688	5.8123732917706405	0.0	2.9061866458853203	-2.768157491304023	1.0	Cbx6	0.1467917210596785
chr2	31141508	31144008	5.8123732917706405	0.0	2.9061866458853203	-2.768157491304023	1.0	Fnbp1	0.1467917210596785
chr17	33760030	33762530	5.832485310081266	0.0	2.916242655040633	-2.772410452941575	1.0	Rab11b	0.1463596267853675
chr19	6416731	6419231	5.872709346702516	0.0	2.936354673351258	-2.780878947733077	1.0	Nrxn2	0.1455030250158613
chr4	137466769	137469269	5.872709346702516	0.0	2.936354673351258	-2.780878947733077	1.0	Hspg2	0.1455030250158613
chr15	103501298	103503798	5.872709346702516	0.0	2.936354673351258	-2.780878947733077	1.0	Pde1b	0.1455030250158613
chr11	102407446	102409946	5.892821365013141	0.0	2.9464106825065706	-2.7850946267842684	1.0	Slc25a39	0.1450784732469406
chr15	82338326	82340826	5.892821365013141	0.0	2.9464106825065706	-2.7850946267842684	1.0	Naga	0.1450784732469406
chr12	80112513	80115013	5.912933383323766	0.0	2.956466691661883	-2.789298023140896	1.0	Zfp36l1	0.1446563918021145
chr14	118236530	118239030	5.912933383323766	0.0	2.956466691661883	-2.789298023140896	1.0	Sox21	0.1446563918021145
chr16	35539145	35541645	5.933045401634391	0.0	2.966522700817196	-2.793489208168171	1.0	Sema5b	0.1442367591829502
chr8	11007958	11010458	5.953157419945017	0.0	2.9765787099725083	-2.797668252611133	1.0	Irs2	0.1438195541397519
chr3	88140372	88142872	5.973269438255641	0.0	2.9866347191278204	-2.801835226601819	1.0	Mef2d	0.1434047556679739
chr17	66449250	66451750	5.973269438255641	0.0	2.9866347191278204	-2.801835226601819	1.0	Mtcl1	0.1434047556679739
chr11	69758137	69760637	5.993381456566266	0.0	2.996690728283133	-2.8059901996663195	1.0	Polr2a	0.1429923430046954
chr14	7815957	7818457	5.993381456566266	0.0	2.996690728283133	-2.8059901996663195	1.0	Flnb	0.1429923430046954
chr9	54915283	54917783	5.993381456566266	0.0	2.996690728283133	-2.8059901996663195	1.0	Hykk	0.1429923430046954
chr4	117914499	117916999	5.993381456566266	0.0	2.996690728283133	-2.8059901996663195	1.0	Ipo13	0.1429923430046954
chr7	111779477	111781977	5.993381456566266	0.0	2.996690728283133	-2.8059901996663195	1.0	Galnt18	0.1429923430046954
chr6	91471703	91474203	5.993381456566266	0.0	2.996690728283133	-2.8059901996663195	1.0	Tmem43	0.1429923430046954
chr15	75702280	75704780	5.993381456566266	0.0	2.996690728283133	-2.8059901996663195	1.0	Rhpn1	0.1429923430046954
chr7	141226784	141229284	6.053717511498141	0.0	3.0268587557490707	-2.8183837996199426	1.0	Phrf1	0.1417692157886841
chr3	37312208	37314708	6.073829529808767	0.0	3.036914764904384	-2.8224914523632783	1.0	Cetn4	0.1413661434426783
chr16	20717246	20719746	6.073829529808767	0.0	3.036914764904384	-2.8224914523632783	1.0	Clcn2	0.1413661434426783
chr5	112576685	112579185	6.073829529808767	0.0	3.036914764904384	-2.8224914523632783	1.0	Sez6l	0.1413661434426783
chr3	89213180	89215680	6.073829529808767	0.0	3.036914764904384	-2.8224914523632783	1.0	Thbs3	0.1413661434426783
chr12	70347114	70349614	6.093941548119392	0.0	3.046970774059696	-2.8265874429618947	1.0	Trim9	0.1409653565957419
chr4	107064988	107067488	6.093941548119392	0.0	3.046970774059696	-2.8265874429618947	1.0	Cyb5rl	0.1409653565957419
chr6	38875665	38878165	6.114053566430017	0.0	3.0570267832150084	-2.830671837448961	1.0	Hipk2	0.1405668358639899
chr11	115185487	115187987	6.114053566430017	0.0	3.0570267832150084	-2.830671837448961	1.0	Tmem104	0.1405668358639899
chr6	113075365	113077865	6.154277603051267	0.0	3.0771388015256336	-2.838806099431152	1.0	Setd5	0.1397765163003325
chr5	30812641	30815141	6.214613657983142	0.0	3.107306828991571	-2.8509221405743803	1.0	Mapre3	0.1386075606270997
chr19	5802172	5804672	6.214613657983142	0.0	3.107306828991571	-2.8509221405743803	1.0	Malat1	0.1386075606270997
chr2	152831228	152833728	6.214613657983142	0.0	3.107306828991571	-2.8509221405743803	1.0	Bcl2l1	0.1386075606270997
chr9	44319782	44322282	6.234725676293767	0.0	3.1173628381468834	-2.85493831420638	1.0	C2cd2l	0.1382222415532256
chr13	48259427	48261927	6.254837694604392	0.0	3.127418847302196	-2.8589433386464487	1.0	Id4	0.1378390588591286
chr5	142817162	142819662	6.274949712915017	0.0	3.137474856457509	-2.862937275625201	1.0	Tnrc18	0.1374579948263735
chr7	136892614	136895114	6.315173749536267	0.0	3.1575868747681337	-2.8708921315705136	1.0	Mgmt	0.1367021528454321
chr18	36196880	36199380	6.315173749536267	0.0	3.1575868747681337	-2.8708921315705136	1.0	Nrg2	0.1367021528454321
chr10	74965177	74967677	6.335285767846893	0.0	3.1676428839234463	-2.87485317146441	1.0	Gnaz	0.1363273404266467
chr1	9699709	9702209	6.355397786157517	0.0	3.1776988930787584	-2.878803365762693	1.0	Mybl1	0.1359545777227642
chr8	34805297	34807797	6.375509804468142	0.0	3.187754902234071	-2.8827427736951767	1.0	Dusp4	0.1355838479658981
chr19	50678146	50680646	6.395621822778767	0.0	3.197810911389384	-2.8866714540077965	1.0	Gm26629	0.1352151345705598
chr17	36835134	36837634	6.395621822778767	0.0	3.197810911389384	-2.8866714540077965	1.0	Trim26	0.1352151345705598
chr1	64737251	64739751	6.415733841089392	0.0	3.207866920544696	-2.8905894649678685	1.0	Fzd5	0.1348484211311846
chr10	75035058	75037558	6.435845859400017	0.0	3.2179229297000087	-2.894496864369275	1.0	Rab36	0.1344836914196991
chr11	101068012	101070512	6.435845859400017	0.0	3.2179229297000087	-2.894496864369275	1.0	Naglu	0.1344836914196991
chr4	132421989	132424489	6.435845859400017	0.0	3.2179229297000087	-2.894496864369275	1.0	Phactr4	0.1344836914196991
chr2	119970699	119973199	6.435845859400017	0.0	3.2179229297000087	-2.894496864369275	1.0	Mapkbp1	0.1344836914196991
chr11	69057717	69060217	6.455957877710643	0.0	3.2279789388553213	-2.898393709537576	1.0	Borcs6	0.1341209293831272
chr15	100759747	100762247	6.455957877710643	0.0	3.2279789388553213	-2.898393709537576	1.0	Slc4a8	0.1341209293831272
chr9	95406222	95408722	6.455957877710643	0.0	3.2279789388553213	-2.898393709537576	1.0	Gm37805	0.1341209293831272
chr10	84574626	84577126	6.476069896021268	0.0	3.238034948010634	-2.9022800573350604	1.0	Tcp11l2	0.1337601191412343
chr7	84086002	84088502	6.496181914331893	0.0	3.2480909571659464	-2.906155964165721	1.0	Cemip	0.1334012449842109
chr15	73645262	73647762	6.516293932642518	0.0	3.258146966321259	-2.910021485980167	1.0	Slc45a4	0.1330442913703919
chr4	126752938	126755438	6.516293932642518	0.0	3.258146966321259	-2.910021485980167	1.0	Ncdn	0.1330442913703919
chr4	133128505	133131005	6.516293932642518	0.0	3.258146966321259	-2.910021485980167	1.0	Wasf2	0.1330442913703919
chr10	80796198	80798698	6.536405950953143	0.0	3.268202975476572	-2.9138766782804715	1.0	Sf3a2	0.1326892429240131
chr17	25807085	25809585	6.556517969263767	0.0	3.278258984631884	-2.9177215961249505	1.0	Fbxl16	0.1323360844330037
chr10	78464475	78466975	6.556517969263767	0.0	3.278258984631884	-2.9177215961249505	1.0	Pdxk	0.1323360844330037
chr3	101604184	101606684	6.556517969263767	0.0	3.278258984631884	-2.9177215961249505	1.0	Atp1a1	0.1323360844330037
chr11	115763433	115765933	6.5766299875743925	0.0	3.2883149937871963	-2.9215562941328845	1.0	Tmem94	0.1319848008468133
chr2	157078754	157081254	6.657078060816893	0.0	3.3285390304084466	-2.936793965077439	1.0	Soga1	0.1305981200736662
chr4	59579563	59582063	6.677190079127518	0.0	3.338595039563759	-2.9405783681479933	1.0	Hsdl2	0.1302559907587498
chr8	72570103	72572603	6.677190079127518	0.0	3.338595039563759	-2.9405783681479933	1.0	Tmem38a	0.1302559907587498
chr2	165325979	165328479	6.737526134059394	0.0	3.368763067029697	-2.951872377142956	1.0	Elmo2	0.1292402743039735
chr5	136566990	136569490	6.757638152370018	0.0	3.378819076185009	-2.955617484304993	1.0	Cux1	0.1289052132051934
chr3	156561246	156563746	6.757638152370018	0.0	3.378819076185009	-2.955617484304993	1.0	4930570G19Rik	0.1289052132051934
chr1	153332286	153334786	6.757638152370018	0.0	3.378819076185009	-2.955617484304993	1.0	Lamc1	0.1289052132051934
chr1	156673856	156676356	6.797862188991268	0.0	3.398931094495634	-2.9630786583241964	1.0	Tor3a	0.1282402760864077
chr11	53891160	53893660	6.797862188991268	0.0	3.398931094495634	-2.9630786583241964	1.0	Slc22a5	0.1282402760864077
chr17	56830508	56833008	6.797862188991268	0.0	3.398931094495634	-2.9630786583241964	1.0	Rfx2	0.1282402760864077
chr2	121354896	121357396	6.797862188991268	0.0	3.398931094495634	-2.9630786583241964	1.0	Ppip5k1	0.1282402760864077
chr5	137600558	137603058	6.838086225612519	0.0	3.41904311280626	-2.9705014438994666	1.0	Mospd3	0.1275821637088272
chr9	56417567	56420067	6.838086225612519	0.0	3.41904311280626	-2.9705014438994666	1.0	Peak1	0.1275821637088272
chr17	26939253	26941753	6.878310262233769	0.0	3.4391551311168844	-2.977886234033956	1.0	Syngap1	0.1269307715378634
chr13	64159866	64162366	6.878310262233769	0.0	3.4391551311168844	-2.977886234033956	1.0	Habp4	0.1269307715378634
chr17	24349950	24352450	6.898422280544394	0.0	3.449211140272197	-2.981564501979228	1.0	Abca3	0.1266075634450726
chr12	86884314	86886814	6.918534298855019	0.0	3.4592671494275096	-2.9852334157264617	1.0	Irf2bpl	0.1262859971629591
chr8	71270714	71273214	6.938646317165643	0.0	3.4693231585828217	-2.9888930227322907	1.0	Myo9b	0.1259660602132773
chr2	29963560	29966060	6.9587583354762685	0.0	3.4793791677381343	-2.9925433700931205	1.0	Sptan1	0.125647740243913
chr5	140648531	140651031	6.978870353786894	0.0	3.489435176893447	-2.9961845045487645	1.0	Ttyh3	0.1253310250272941
chr10	128922388	128924888	6.978870353786894	0.0	3.489435176893447	-2.9961845045487645	1.0	Rdh5	0.1253310250272941
chr19	4876668	4879168	6.998982372097519	0.0	3.4994911860487594	-2.9998164724860352	1.0	Zdhhc24	0.1250159024588245
chr6	83439755	83442255	7.039206408718769	0.0	3.519603204359385	-3.007053092608925	1.0	B230319C09Rik	0.124390387453601
chr17	25014730	25017230	7.059318427029394	0.0	3.529659213514697	-3.010657835834852	1.0	Cramp1l	0.1240799714087724
chr6	115851470	115853970	7.059318427029394	0.0	3.529659213514697	-3.010657835834852	1.0	Ift122	0.1240799714087724
chr8	4258774	4261274	7.079430445340019	0.0	3.5397152226700097	-3.0142535946298925	1.0	Ctxn1	0.1237711007929737
chr9	44065021	44067521	7.079430445340019	0.0	3.5397152226700097	-3.0142535946298925	1.0	Usp2	0.1237711007929737
chr4	134703790	134706290	7.079430445340019	0.0	3.5397152226700097	-3.0142535946298925	1.0	Man1c1	0.1237711007929737
chr15	76069284	76071784	7.079430445340019	0.0	3.5397152226700097	-3.0142535946298925	1.0	Scrib	0.1237711007929737
chr9	95405461	95407961	7.079430445340019	0.0	3.5397152226700097	-3.0142535946298925	1.0	Chst2	0.1237711007929737
chr19	6239668	6242168	7.079430445340019	0.0	3.5397152226700097	-3.0142535946298925	1.0	Atg2a	0.1237711007929737
chr2	121287600	121290100	7.099542463650645	0.0	3.5497712318253223	-3.01784041366816	1.0	Map1a	0.123463764093815
chr4	132509149	132511649	7.11965448196127	0.0	3.559827240980635	-3.021418337291389	1.0	Sesn2	0.1231579499129689
chr2	144010763	144013263	7.139766500271894	0.0	3.569883250135947	-3.0249874095122222	1.0	Rrbp1	0.122853646964762
chr15	76378261	76380761	7.139766500271894	0.0	3.569883250135947	-3.0249874095122222	1.0	Mroh1	0.122853646964762
chr1	92179841	92182341	7.179990536893144	0.0	3.589995268446572	-3.032099174171275	1.0	Hdac4	0.1222495301785289
chr14	70519760	70522260	7.200102555203769	0.0	3.6000512776018847	-3.0356419530183656	1.0	Bmp1	0.1219496943200303
chr10	42276255	42278755	7.200102555203769	0.0	3.6000512776018847	-3.0356419530183656	1.0	Foxo3	0.1219496943200303
chr16	33060521	33063021	7.24032659182502	0.0	3.62016329591251	-3.042701517392614	1.0	Lmln	0.1213544134272627
chr19	60753987	60756487	7.24032659182502	0.0	3.62016329591251	-3.042701517392614	1.0	Nanos1	0.1213544134272627
chr4	119731784	119734284	7.24032659182502	0.0	3.62016329591251	-3.042701517392614	1.0	Hivep3	0.1213544134272627
chr13	51844678	51847178	7.260438610135645	0.0	3.6302193050678224	-3.0462183874398403	1.0	Gadd45g	0.1210589470119649
chr12	82168016	82170516	7.28055062844627	0.0	3.640275314223135	-3.0497267052265498	1.0	Sipa1l1	0.120764915869808
chr18	31757824	31760324	7.28055062844627	0.0	3.640275314223135	-3.0497267052265498	1.0	Ammecr1l	0.120764915869808
chr18	62546911	62549411	7.300662646756895	0.0	3.650331323378448	-3.0532265122463227	1.0	Spink10	0.1204723095680444
chr7	38107034	38109534	7.340886683378144	0.0	3.670443341689072	-3.0602007584560607	1.0	Ccne1	0.1198913302578269
chr15	30170593	30173093	7.36099870168877	0.0	3.680499350844385	-3.0636752791385606	1.0	Ctnnd2	0.1196029368833675
chr3	87999730	88002230	7.381110719999395	0.0	3.6905553599996974	-3.067141452044907	1.0	Bcan	0.1193159276149107
chr7	28372099	28374599	7.381110719999395	0.0	3.6905553599996974	-3.067141452044907	1.0	Plekhg2	0.1193159276149107
chr5	123392798	123395298	7.461558793241895	0.0	3.730779396620948	-3.080923461941405	1.0	Mlxip	0.1181815342107749
chr8	14909663	14912163	7.481670811552521	0.0	3.74083540577626	-3.084348490508412	1.0	Arhgef10	0.1179012982486826
chr17	25985180	25987680	7.521894848173771	0.0	3.760947424086885	-3.0911742501837964	1.0	Capn15	0.1173447945340816
chr8	128357073	128359573	7.521894848173771	0.0	3.760947424086885	-3.0911742501837964	1.0	Nrp1	0.1173447945340816
chr14	28502750	28505250	7.542006866484395	0.0	3.7710034332421976	-3.094575057689608	1.0	Wnt5a	0.117068508095401
chr1	91458824	91461324	7.56211888479502	0.0	3.78105944239751	-3.097967867456518	1.0	Per2	0.1167935196246624
chr1	153897944	153900444	7.56211888479502	0.0	3.78105944239751	-3.097967867456518	1.0	Glul	0.1167935196246624
chr5	136170213	136172713	7.56211888479502	0.0	3.78105944239751	-3.097967867456518	1.0	Orai2	0.1167935196246624
chr11	57643442	57645942	7.6023429214162705	0.0	3.8011714607081353	-3.104729643624532	1.0	Galnt10	0.1162474001716921
chr19	46499648	46502148	7.6023429214162705	0.0	3.8011714607081353	-3.104729643624532	1.0	Trim8	0.1162474001716921
chr14	25457185	25459685	7.622454939726896	0.0	3.811227469863448	-3.1080986842947214	1.0	Zmiz1os1	0.1159762511941493
chr9	44497136	44499636	7.642566958037521	0.0	3.82128347901876	-3.111459875769071	1.0	Bcl9l	0.1157063641919496
chr13	24799657	24802157	7.642566958037521	0.0	3.82128347901876	-3.111459875769071	1.0	BC005537	0.1157063641919496
chr7	19074227	19076727	7.642566958037521	0.0	3.82128347901876	-3.111459875769071	1.0	Dmwd	0.1157063641919496
chr16	34573032	34575532	7.662678976348146	0.0	3.831339488174073	-3.114813254536722	1.0	Kalrn	0.1154377303753626
chr6	48591883	48594383	7.702903012969396	0.0	3.851451506484698	-3.121496718641561	1.0	Repin1	0.114904187546358
chr19	5688408	5690908	7.723015031280019	0.0	3.8615075156400094	-3.1248268756971247	1.0	Pcnx3	0.1146392613579229
chr3	69314861	69317361	7.723015031280019	0.0	3.8615075156400094	-3.1248268756971247	1.0	Ppm1l	0.1146392613579229
chr12	111671838	111674338	7.763239067901271	0.0	3.8816195339506354	-3.131464217255355	1.0	Ckb	0.1141130570844385
chrX	77509013	77511513	7.803463104522521	0.0	3.901731552261261	-3.138071162487325	1.0	Tbl1x	0.1135916613867876
chr4	148446611	148449111	7.964359251007521	0.0	3.9821796255037607	-3.164200466704341	1.0	Mtor	0.1115528697589409
chr1	55403921	55406421	7.964359251007521	0.0	3.9821796255037607	-3.164200466704341	1.0	Plcl1	0.1115528697589409
chrX	138912430	138914930	0.0804480732425002	0.0	0.0402240366212501	-3.177089770363408	1.0	Nrk	0.1105606746667672
chr1	92848271	92850771	0.0804480732425002	0.0	0.0402240366212501	-3.177089770363408	1.0	Gpc1	0.1105606746667672
chr7	102209676	102212176	8.085031360871271	0.0	4.042515680435636	-3.183491494546939	1.0	Nup98	0.1100711665462097
chr7	101932111	101934611	8.145367415803147	0.0	4.072683707901573	-3.1930411315168263	1.0	Numa1	0.1093449781221479
chr3	90433122	90435622	8.205703470735022	0.0	4.102851735367511	-3.2025279719784794	1.0	Ints3	0.108628308871669
chr3	88551758	88554258	8.225815489045647	0.0	4.112907744522824	-3.2056764396287294	1.0	Ubqln4	0.1083915022132578
chr5	43231170	43233670	8.245927507356273	0.0	4.122963753678136	-3.208818051175671	1.0	Cpeb2	0.108155725772712
chr7	45366519	45369019	8.286151543977523	0.0	4.143075771988761	-3.21508082494516	1.0	Ppfia3	0.1076872367701713
chr4	42947814	42950314	8.326375580598773	0.0	4.163187790299387	-3.221316529330051	1.0	Dnajb5	0.1072227888913517
chr2	146511526	146514026	8.406823653841272	0.0	4.203411826920636	-3.2337076589328944	1.0	Ralgapa2	0.1063058091443704
chr9	27297228	27299728	8.447047690462522	0.0	4.223523845231261	-3.239863541207088	1.0	Igsf9b	0.105853175803227
chr5	34571664	34574164	8.447047690462522	0.0	4.223523845231261	-3.239863541207088	1.0	Add1	0.105853175803227
chr12	113138236	113140736	8.467159708773147	0.0	4.233579854386574	-3.242931660256667	1.0	Crip2	0.105628301492929
chr17	79714541	79717041	8.487271727083773	0.0	4.243635863541886	-3.245993268310327	1.0	Cyp1b1	0.1054043806024077
chr6	67036957	67039457	8.567719800326273	0.0	4.283859900163137	-3.2581751394734133	1.0	Gadd45a	0.1045181109887748
chr4	43562191	43564691	8.567719800326273	0.0	4.283859900163137	-3.2581751394734133	1.0	Tln1	0.1045181109887748
chr11	120465635	120468135	8.567719800326273	0.0	4.283859900163137	-3.2581751394734133	1.0	Hgs	0.1045181109887748
chr9	123851399	123853899	8.587831818636898	0.0	4.293915909318449	-3.2612046027139394	1.0	Fyco1	0.1042988674515746
chr8	122280141	122282641	8.587831818636898	0.0	4.293915909318449	-3.2612046027139394	1.0	Zfpm1	0.1042988674515746
chr12	53246677	53249177	8.607943836947523	0.0	4.303971918473762	-3.264227717821845	1.0	Npas3	0.1040805417861085
chr8	47990043	47992543	8.607943836947523	0.0	4.303971918473762	-3.264227717821845	1.0	Wwc2	0.1040805417861085
chr8	124721483	124723983	8.648167873568774	0.0	4.324083936784387	-3.2702550096693983	1.0	Ttc13	0.1036466211102635
chr8	60630827	60633327	8.688391910190024	0.0	4.344195955095012	-3.2762572254215567	1.0	Mfap3l	0.1032163035176377
chr6	24955797	24958297	8.728615946811274	0.0	4.364307973405637	-3.2822345728685485	1.0	Tmem229a	0.1027895443161951
chr15	25620525	25623025	8.768839983432525	0.0	4.384419991716262	-3.288187257228511	1.0	Myo10	0.1023662995499927
chr4	141790431	141792931	8.768839983432525	0.0	4.384419991716262	-3.288187257228511	1.0	Dnajc16	0.1023662995499927
chr8	70696949	70699449	8.869400074985649	0.0	4.434700037492824	-3.3029623911509587	1.0	Jund	0.1013232812939194
chr16	8511429	8513929	8.929736129917524	0.0	4.464868064958762	-3.3117553804809927	1.0	Abat	0.1007076106470823
chr4	95051722	95054222	8.929736129917524	0.0	4.464868064958762	-3.3117553804809927	1.0	Jun	0.1007076106470823
chr13	12257613	12260113	8.94984814822815	0.0	4.474924074114075	-3.3146745078201127	1.0	Mtr	0.1005040464037713
chr4	48043153	48045653	9.010184203160025	0.0	4.505092101580012	-3.3233966171672	1.0	Nr4a3	0.0998982615808727
chr19	10603758	10606258	9.211304386266274	0.0	4.605652193133137	-3.352095261925857	1.0	Tkfc	0.0979306817398326
chr2	180272996	180275496	9.211304386266274	0.0	4.605652193133137	-3.352095261925857	1.0	Cables2	0.0979306817398326
chr8	105347453	105349953	9.27164044119815	0.0	4.635820220599075	-3.3605947018002307	1.0	Fhod1	0.0973554327300181
chr7	25315164	25317664	9.291752459508777	0.0	4.645876229754388	-3.3634167573307567	1.0	Megf8	0.0971651819196329
chr4	148158621	148161121	9.3118644778194	0.0	4.6559322389097	-3.366233303414202	1.0	Fbxo2	0.0969756732306731
chr19	7341360	7343860	9.4727606243044	0.0	4.7363803121522	-3.3885698823348527	1.0	Mark2	0.0954858070258261
chr7	67644768	67647268	9.533096679236277	0.0	4.766548339618138	-3.3968577389425416	1.0	Lrrc28	0.0949388418670155
chr10	128525359	128527859	9.59343273416815	0.0	4.796716367084075	-3.405098256085361	1.0	Esyt1	0.0943981073079919
chr7	44588664	44591164	9.613544752478775	0.0	4.806772376239388	-3.407834668456822	1.0	Kcnc3	0.0942192286668835
chr11	6289633	6292133	9.653768789100026	0.0	4.826884394550013	-3.413291971490545	1.0	Ogdh	0.0938634974904946
chr11	31870211	31872711	9.734216862342526	0.0	4.867108431171263	-3.424145035033438	1.0	Cpeb4	0.0931600332678363
chr11	117652289	117654789	9.774440898963777	0.0	4.887220449481888	-3.429541102649988	1.0	Tnrc6c	0.0928122405030013
chr11	73198542	73201042	9.774440898963777	0.0	4.887220449481888	-3.429541102649988	1.0	Shpk	0.0928122405030013
chr7	56048196	56050696	9.935337045448778	0.0	4.967668522724389	-3.4509257822421704	1.0	Herc2	0.091446655539181
chr11	120824047	120826547	9.975561082070026	0.0	4.987780541035013	-3.456222788600536	1.0	Fasn	0.0911115151674229
chr8	22059805	22062305	10.056009155312529	0.0	5.028004577656264	-3.466758810400422	1.0	Atp7b	0.0904485502817704
chr11	73197460	73199960	10.096233191933775	0.0	5.048116595966888	-3.4719981068135843	1.0	Ctns	0.0901206727276544
chr7	3693023	3695523	10.116345210244402	0.0	5.058172605122201	-3.4746106371090533	1.0	Mboat7	0.0899576237591504
chr6	83052521	83055021	10.136457228555027	0.0	5.068228614277514	-3.4772184450073387	1.0	Aup1	0.0897951637111214
chr2	91069917	91072417	10.237017320108151	0.0	5.118508660054076	-3.4901872417868653	1.0	Slc39a13	0.0889915866028384
chr4	70534495	70536995	10.257129338418778	0.0	5.128564669209389	-3.492767069975175	1.0	Megf9	0.0888325939888742
chr8	22805122	22807622	10.418025484903778	0.0	5.209012742451889	-3.513241282415703	1.0	Ap3m2	0.0875808169566743
chr7	45015863	45018363	10.438137503214405	0.0	5.219068751607202	-3.51578024895903	1.0	Scaf1	0.08742682099415
chr10	126976717	126979217	10.438137503214405	0.0	5.219068751607202	-3.51578024895903	1.0	Ctdsp2	0.08742682099415
chr13	96541985	96544485	10.458249521525028	0.0	5.229124760762514	-3.5183147550809086	1.0	Polk	0.0872733656324588
chr2	30980279	30982779	10.498473558146278	0.0	5.249236779073139	-3.523370448556288	1.0	Usp20	0.0869680653647747
chr5	139148223	139150723	10.498473558146278	0.0	5.249236779073139	-3.523370448556288	1.0	Dnaaf5	0.0869680653647747
chr2	180117306	180119806	10.538697594767529	0.0	5.269348797383764	-3.52840848701559	1.0	Osbpl2	0.0866648936577964
chr1	75478807	75481307	10.538697594767529	0.0	5.269348797383764	-3.52840848701559	1.0	Chpf	0.0866648936577964
chr6	94699658	94702158	10.599033649699404	0.0	5.299516824849702	-3.5359327099936424	1.0	Lrig1	0.0862140787069719
chr5	118244616	118247116	10.90071392435878	0.0	5.45035696217939	-3.572976218356484	1.0	Rnft2	0.0840285722651618
chr8	26975325	26977825	10.98116199760128	0.0	5.49058099880064	-3.5826959301326515	1.0	Zfp703	0.0834643584821078
chr10	128803870	128806370	11.02138603422253	0.0	5.510693017111265	-3.58753133947383	1.0	Tmem198b	0.0831850834132766
chr8	83898105	83900605	11.121946125775656	0.0	5.560973062887828	-3.5995494307125937	1.0	Adgrl1	0.0824950044839448
chr15	61983341	61985841	11.202394199018157	0.0	5.601197099509078	-3.609092337771301	1.0	Myc	0.0819511305478447
chr6	134828154	134830654	11.22250621732878	0.0	5.61125310866439	-3.611468234101861	1.0	Crebl2	0.0818162807380882
chr7	100704635	100707135	11.26273025395003	0.0	5.631365126975015	-3.6162083206785134	1.0	Fam168a	0.0815479081159665
chr7	99379414	99381914	11.282842272260655	0.0	5.641421136130328	-3.61857253650941	1.0	Gdpd5	0.0814143809579303
chr11	85351167	85353667	11.30295429057128	0.0	5.65147714528564	-3.6209328843205584	1.0	Bcas3	0.0812812903618099
chr9	44880796	44883296	11.34317832719253	0.0	5.671589163596265	-3.625642026365882	1.0	Kmt2a	0.0810164103192901
chr12	40444053	40446553	11.403514382124406	0.0	5.701757191062203	-3.632677043185661	1.0	Dock4	0.08062231148304
chr2	24974033	24976533	11.403514382124406	0.0	5.701757191062203	-3.632677043185661	1.0	Pnpla7	0.08062231148304
chr5	32133801	32136301	11.54429851029878	0.0	5.77214925514939	-3.648959890942564	1.0	Fosl2	0.0797174907133314
chr5	110770217	110772717	11.62474658354128	0.0	5.81237329177064	-3.6581825238339634	1.0	Ep400	0.0792095107321747
chr10	127288518	127291018	11.644858601851906	0.0	5.822429300925953	-3.660478999381784	1.0	Mbd6	0.0790835256832009
chr16	22439219	22441719	11.664970620162531	0.0	5.832485310081266	-3.6627718252188672	1.0	Etv5	0.0789579407636373
chr18	61707135	61709635	11.705194656783782	0.0	5.852597328391891	-3.6673465740350495	1.0	Pcyox1l	0.0787079637119973
chr19	46150509	46153009	11.745418693405032	0.0	5.872709346702516	-3.671906862282578	1.0	Gbf1	0.0784595644957068
chr17	33913899	33916399	11.765530711715655	0.0	5.882765355857828	-3.674181612205014	1.0	Tapbp	0.0783359519148109
chr4	141060050	141062550	11.886202821579408	0.0	5.943101410789704	-3.687755302145968	1.0	Crocc	0.0776023793700799
chr7	143067249	143069749	11.906314839890031	0.0	5.953157419945016	-3.690005219377049	1.0	Cd81	0.0774814509335587
chr11	96829468	96831968	12.026986949753782	0.0	6.013493474876891	-3.7034315321844655	1.0	Nfe2l1	0.0767637216385559
chr1	134078620	134081120	12.047098968064407	0.0	6.023549484032204	-3.70565715304994	1.0	Btg2	0.076645390860276
chrX	12159855	12162355	0.1206721098637503	0.0	0.0603360549318751	-3.7078793457761767	1.0	Bcor	0.076527424332758
chr5	34658379	34660879	12.067210986375033	0.0	6.033605493187516	-3.7078793457761767	1.0	Grk4	0.076527424332758
chr5	121709337	121711837	0.1206721098637503	0.0	0.0603360549318751	-3.7078793457761767	1.0	Atxn2	0.076527424332758
chr5	73256119	73258619	12.268331169481284	0.0	6.134165584740642	-3.729915021366649	1.0	Fryl	0.0753674284449665
chr9	22002134	22004634	12.28844318779191	0.0	6.144221593895955	-3.732100189959476	1.0	Ccdc151	0.0752533600714566
chr15	12739424	12741924	12.368891261034408	0.0	6.184445630517204	-3.740807916449135	1.0	Pdzd2	0.0748005186424581
chr4	43439939	43442439	12.409115297655658	0.0	6.204557648827829	-3.745142149595117	1.0	Tesk1	0.0745761355467524
chr8	126593486	126595986	12.52978740751941	0.0	6.264893703759705	-3.7580672654267135	1.0	Irf2bp2	0.0739109913467105
chr12	71829078	71831578	12.590123462451285	0.0	6.295061731225642	-3.7644866575310862	1.0	Daam1	0.0735828488065573
chr2	128124038	128126538	12.791243645557534	0.0	6.395621822778767	-3.7856806547398856	1.0	Bcl2l11	0.0725097769063141
chr17	84187447	84189947	12.952139792042535	0.0	6.476069896021268	-3.802414495123166	1.0	Zfp36l2	0.0716735937931427
chr19	6361690	6364190	13.113035938527537	0.0	6.556517969263768	-3.8189564628599353	1.0	Sf1	0.0708564765480455
chr4	155222092	155224592	13.454940249808162	0.0	6.727470124904081	-3.853490740265202	1.0	Ski	0.0691805004184137
chr16	4963737	4966237	13.696284469535662	0.0	6.848142234767831	-3.8773795523349706	1.0	Anks3	0.0680444095970602
chr1	74587746	74590246	14.56110125689254	0.0	7.28055062844627	-3.959872258144468	1.0	Zfp142	0.0642628039938411
chr9	106476449	106478949	15.20468584283254	0.0	7.60234292141627	-4.018339146559414	1.0	Parp3	0.0617105453137993
chr11	40754811	40757311	15.224797861143166	0.0	7.612398930571583	-4.020128599210825	1.0	Ccng1	0.0616340498389137
chr2	132029758	132032258	16.250510794985043	0.0	8.125255397492522	-4.1085671762263685	1.0	Rassf2	0.0579692979462795
chr16	21202755	21205255	17.4974559302438	0.0	8.7487279651219	-4.209254956482458	1.0	Ephb3	0.0540614884431202
chr7	139387109	139389609	17.5779040034863	0.0	8.78895200174315	-4.2155158380315045	1.0	Inpp5a	0.0538273854689066
chr7	127477592	127480092	17.819248223213798	0.0	8.909624111606899	-4.234137092438186	1.0	Fbrs	0.0531370853999622
chr11	68689559	68692059	17.879584278145675	0.0	8.939792139072837	-4.238755092295759	1.0	Myh10	0.0529672679899823
chr14	120476461	120478961	18.02036840632005	0.0	9.010184203160025	-4.249473284977722	1.0	Rap2a	0.0525752171902055
chr7	87244096	87246596	0.1810081647956254	0.0	0.0905040823978127	-4.255562403611198	1.0	Nox4	0.0523537829427332
chr1	175692276	175694776	18.1410405161838	0.0	9.0705202580919	-4.258597352440456	1.0	Opn3	0.0522437638201798
chr7	100370233	100372733	18.7846251021238	0.0	9.3923125510619	-4.306307822900468	1.0	C2cd3	0.0505442986580854
chr7	105399554	105402054	19.52876977961693	0.0	9.764384889808465	-4.359575269044804	1.0	Fam160a2	0.0487121250194399
chr13	91223487	91225987	0.2011201831062505	0.0	0.1005600915531252	-4.399992601925857	1.0	Atg10	0.0473663855954847
chr1	155243944	155246444	0.2011201831062505	0.0	0.1005600915531252	-4.399992601925857	1.0	BC034090	0.0473663855954847
chr9	65099486	65101986	0.2011201831062505	0.0	0.1005600915531252	-4.399992601925857	1.0	Igdcc4	0.0473663855954847
chr5	151366675	151369175	20.916499043050056	0.0	10.458249521525028	-4.453945454471441	1.0	1700028E10Rik	0.0456277253970045
chr11	20332213	20334713	21.21817931770943	0.0	10.609089658854716	-4.47366869393068	1.0	Slc1a4	0.0450081883713545
chr7	142095343	142097843	0.2212322014168756	0.0	0.1106161007084378	-4.531270416555951	1.0	Dusp8	0.0432465717954721
chr9	34483894	34486394	0.2212322014168756	0.0	0.1106161007084378	-4.531270416555951	1.0	Kirrel3	0.0432465717954721
chr3	88774664	88777164	0.2212322014168756	0.0	0.1106161007084378	-4.531270416555951	1.0	Syt11	0.0432465717954721
chr10	22148770	22151270	0.2413442197275006	0.0	0.1206721098637503	-4.6515926060158925	1.0	E030030I06Rik	0.0397860750919264
chr8	70903974	70906474	0.2413442197275006	0.0	0.1206721098637503	-4.6515926060158925	1.0	Map1s	0.0397860750919264
chr8	92355625	92358125	24.15453399106069	0.0	12.077266995530344	-4.652746557616989	1.0	Irx5	0.039754264593229
chr12	83921434	83923934	25.421591144630067	0.0	12.710795572315034	-4.723645445171783	1.0	Numb	0.0378478341643417
chr11	60352405	60354905	25.86405554746382	0.0	12.93202777373191	-4.747605213373801	1.0	Tom1l2	0.0372244614456363
chr15	77841675	77844175	26.6484242615782	0.0	13.3242121307891	-4.78912535564442	1.0	Myh9	0.0361684264730289
chr5	34187220	34189720	28.116601598253823	0.0	14.058300799126911	-4.863770073244769	1.0	Mxd4	0.0343446674786377
chr13	18946351	18948851	0.3016802746593758	0.0	0.1508401373296879	-4.96199494875478	1.0	Amph	0.0320841606384255
chr12	113096278	113098778	0.3016802746593758	0.0	0.1508401373296879	-4.96199494875478	1.0	Mta1	0.0320841606384255
chrX	152142268	152144768	0.3217922929700009	0.0	0.1608961464850004	-5.052208469960234	1.0	Iqsec2	0.0301393378082599
chr17	46487175	46489675	0.3217922929700009	0.0	0.1608961464850004	-5.052208469960234	1.0	Ttbk1	0.0301393378082599
chr15	64921796	64924296	0.3217922929700009	0.0	0.1608961464850004	-5.052208469960234	1.0	Adcy8	0.0301393378082599
chr6	115772538	115775038	0.3620163295912509	0.0	0.1810081647956254	-5.217294044455237	1.0	Cand2	0.0268805404617248
chr17	35133178	35135678	0.3620163295912509	0.0	0.1810081647956254	-5.217294044455237	1.0	Bag6	0.0268805404617248
chr11	102819200	102821700	0.3620163295912509	0.0	0.1810081647956254	-5.217294044455237	1.0	Gjc1	0.0268805404617248
chr5	144765732	144768232	0.3620163295912509	0.0	0.1810081647956254	-5.217294044455237	1.0	Trrap	0.0268805404617248
chr8	70211805	70214305	38.09216268032385	0.0	19.04608134016193	-5.288807495372098	1.0	Slc25a42	0.0255805750164681
chr2	49617298	49619798	0.4022403662125011	0.0	0.2011201831062505	-5.365413874105352	1.0	Kif5c	0.0242576924037691
chr4	140984873	140987373	0.4022403662125011	0.0	0.2011201831062505	-5.365413874105352	1.0	Atp13a2	0.0242576924037691
chr7	65156070	65158570	0.4022403662125011	0.0	0.2011201831062505	-5.365413874105352	1.0	Fam189a1	0.0242576924037691
chr13	80960888	80963388	0.4022403662125011	0.0	0.2011201831062505	-5.365413874105352	1.0	9330111N05Rik	0.0242576924037691
chr7	84526954	84529454	0.4022403662125011	0.0	0.2011201831062505	-5.365413874105352	1.0	Gm2115	0.0242576924037691
chrX	81068698	81071198	0.4022403662125011	0.0	0.2011201831062505	-5.365413874105352	1.0	Gm26775	0.0242576924037691
chr3	96902693	96905193	0.4223523845231261	0.0	0.211176192261563	-5.434135741005888	1.0	Gja5	0.023129281479573
chrX	74392772	74395272	0.4424644028337512	0.0	0.2212322014168756	-5.499732389016137	1.0	Fam3a	0.0221011861648579
chr5	22344202	22346702	0.4424644028337512	0.0	0.2212322014168756	-5.499732389016137	1.0	Reln	0.0221011861648579
chr11	46312359	46314859	0.4424644028337512	0.0	0.2212322014168756	-5.499732389016137	1.0	Cyfip2	0.0221011861648579
chr2	71979240	71981740	0.4424644028337512	0.0	0.2212322014168756	-5.499732389016137	1.0	Rapgef4	0.0221011861648579
chr2	31150316	31152816	0.4625764211443762	0.0	0.2312882105721881	-5.5624757437786965	1.0	Gpr107	0.0211605986938246
chr3	108086151	108088651	0.4625764211443762	0.0	0.2312882105721881	-5.5624757437786965	1.0	Ampd2	0.0211605986938246
chr9	8133794	8136294	0.4826884394550013	0.0	0.2413442197275006	-5.622603715235226	1.0	Cep126	0.0202968026021916
chrX	74372849	74375349	0.4826884394550013	0.0	0.2413442197275006	-5.622603715235226	1.0	Slc10a3	0.0202968026021916
chr8	3498457	3500957	0.4826884394550013	0.0	0.2413442197275006	-5.622603715235226	1.0	Mcoln1	0.0202968026021916
chr11	119355036	119357536	0.4826884394550013	0.0	0.2413442197275006	-5.622603715235226	1.0	Slc26a11	0.0202968026021916
chr8	92825291	92827791	0.4826884394550013	0.0	0.2413442197275006	-5.622603715235226	1.0	Mmp2	0.0202968026021916
chr2	25255522	25258022	0.4826884394550013	0.0	0.2413442197275006	-5.622603715235226	1.0	Ndor1	0.0202968026021916
chr17	83631395	83633895	0.4826884394550013	0.0	0.2413442197275006	-5.622603715235226	1.0	Kcng3	0.0202968026021916
chr4	78211461	78213961	0.5028004577656263	0.0	0.2514002288828131	-5.680325644706544	1.0	Ptprd	0.0195007626232862
chrX	101847385	101849885	0.5229124760762515	0.0	0.2614562380381257	-5.735826703482863	1.0	Nhsl2	0.0187648074476101
chr10	83337382	83339882	0.5229124760762515	0.0	0.2614562380381257	-5.735826703482863	1.0	Slc41a2	0.0187648074476101
chr10	3738364	3740864	0.5229124760762515	0.0	0.2614562380381257	-5.735826703482863	1.0	Plekhg1	0.0187648074476101
chr8	22225313	22227813	0.5229124760762515	0.0	0.2614562380381257	-5.735826703482863	1.0	Thsd1	0.0187648074476101
chrX	7876262	7878762	0.5229124760762515	0.0	0.2614562380381257	-5.735826703482863	1.0	Pim2	0.0187648074476101
chr14	77034772	77037272	0.5430244943868765	0.0	0.2715122471934382	-5.789271476157248	1.0	Ccdc122	0.0180823817055096
chr12	8311433	8313933	0.5631365126975015	0.0	0.2815682563487507	-5.840806903564126	1.0	Hs1bp3	0.0174478501691235
chr2	162660647	162663147	0.5631365126975015	0.0	0.2815682563487507	-5.840806903564126	1.0	Ptprt	0.0174478501691235
chr8	85081270	85083770	0.5631365126975015	0.0	0.2815682563487507	-5.840806903564126	1.0	Man2b1	0.0174478501691235
chr3	93518488	93520988	0.5631365126975015	0.0	0.2815682563487507	-5.840806903564126	1.0	S100a11	0.0174478501691235
chr8	95888047	95890547	0.5631365126975015	0.0	0.2815682563487507	-5.840806903564126	1.0	Got2	0.0174478501691235
chr3	134234484	134236984	0.5631365126975015	0.0	0.2815682563487507	-5.840806903564126	1.0	Cxxc4	0.0174478501691235
chr5	124861924	124864424	0.5631365126975015	0.0	0.2815682563487507	-5.840806903564126	1.0	Ccdc92	0.0174478501691235
chr10	13058504	13061004	0.5832485310081266	0.0	0.2916242655040633	-5.890564717934205	1.0	Plagl1	0.0168563417814228
chr11	97413533	97416033	0.5832485310081266	0.0	0.2916242655040633	-5.890564717934205	1.0	Arhgap23	0.0168563417814228
chr16	17722430	17724930	0.5832485310081266	0.0	0.2916242655040633	-5.890564717934205	1.0	Med15	0.0168563417814228
chrX	69358294	69360794	0.5832485310081266	0.0	0.2916242655040633	-5.890564717934205	1.0	Aff2	0.0168563417814228
chr10	7955730	7958230	0.6033605493187516	0.0	0.3016802746593758	-5.938663471905528	1.0	Tab2	0.0163036243708644
chr2	151632093	151634593	0.6033605493187516	0.0	0.3016802746593758	-5.938663471905528	1.0	Snph	0.0163036243708644
chr6	42324143	42326643	0.6033605493187516	0.0	0.3016802746593758	-5.938663471905528	1.0	Fam131b	0.0163036243708644
chr18	10323177	10325677	0.6033605493187516	0.0	0.3016802746593758	-5.938663471905528	1.0	Greb1l	0.0163036243708644
chr8	13157161	13159661	0.6033605493187516	0.0	0.3016802746593758	-5.938663471905528	1.0	Lamp1	0.0163036243708644
chr14	54912632	54915132	0.6234725676293766	0.0	0.3117362838146883	-5.985210240059332	1.0	Slc22a17	0.0157860032320305
chrX	8175681	8178181	0.6234725676293766	0.0	0.3117362838146883	-5.985210240059332	1.0	Tbc1d25	0.0157860032320305
chr7	99827917	99830417	0.6435845859400018	0.0	0.3217922929700009	-6.03030205442643	1.0	Neu3	0.015300238431446
chr19	31764533	31767033	0.6435845859400018	0.0	0.3217922929700009	-6.03030205442643	1.0	Prkg1	0.015300238431446
chr11	58007064	58009564	0.6435845859400018	0.0	0.3217922929700009	-6.03030205442643	1.0	Larp1	0.015300238431446
chr10	80753206	80755706	0.6435845859400018	0.0	0.3217922929700009	-6.03030205442643	1.0	Dot1l	0.015300238431446
chr4	54943048	54945548	0.6435845859400018	0.0	0.3217922929700009	-6.03030205442643	1.0	Zfp462	0.015300238431446
chr1	171195768	171198268	0.6435845859400018	0.0	0.3217922929700009	-6.03030205442643	1.0	Pcp4l1	0.015300238431446
chr16	90384397	90386897	0.6636966042506268	0.0	0.3318483021253134	-6.074027122365847	1.0	Hunk	0.0148434769255268
chr7	99979948	99982448	0.6636966042506268	0.0	0.3318483021253134	-6.074027122365847	1.0	Rnf169	0.0148434769255268
chr2	93045667	93048167	0.6838086225612519	0.0	0.3419043112806259	-6.116465865245093	1.0	Prdm11	0.014413196485054
chr3	90465366	90467866	0.6838086225612519	0.0	0.3419043112806259	-6.116465865245093	1.0	Npr1	0.014413196485054
chr15	88953918	88956418	0.6838086225612519	0.0	0.3419043112806259	-6.116465865245093	1.0	Mlc1	0.014413196485054
chr18	12331819	12334319	0.6838086225612519	0.0	0.3419043112806259	-6.116465865245093	1.0	Lama3	0.014413196485054
chr11	117984292	117986792	0.6838086225612519	0.0	0.3419043112806259	-6.116465865245093	1.0	Pgs1	0.014413196485054
chr9	90161069	90163569	0.6838086225612519	0.0	0.3419043112806259	-6.116465865245093	1.0	Adamts7	0.014413196485054
chr6	53820330	53822830	0.6838086225612519	0.0	0.3419043112806259	-6.116465865245093	1.0	Tril	0.014413196485054
chr11	120783707	120786207	0.6838086225612519	0.0	0.3419043112806259	-6.116465865245093	1.0	Rfng	0.014413196485054
chr12	4038415	4040915	0.7039206408718769	0.0	0.3519603204359384	-6.157691808660303	1.0	Efr3b	0.014007159097946
chr19	36919115	36921615	0.7039206408718769	0.0	0.3519603204359384	-6.157691808660303	1.0	Fgfbp3	0.014007159097946
chr2	163201125	163203625	0.7039206408718769	0.0	0.3519603204359384	-6.157691808660303	1.0	Tox2	0.014007159097946
chr9	121704990	121707490	0.7039206408718769	0.0	0.3519603204359384	-6.157691808660303	1.0	Sec22c	0.014007159097946
chr19	29522659	29525159	0.7039206408718769	0.0	0.3519603204359384	-6.157691808660303	1.0	A930007I19Rik	0.014007159097946
chr1	85892281	85894781	0.7240326591825019	0.0	0.3620163295912509	-6.197772348953712	1.0	Itm2c	0.0136233720324339
chrX	9197902	9200402	0.7240326591825019	0.0	0.3620163295912509	-6.197772348953712	1.0	Lancl3	0.0136233720324339
chr11	4984824	4987324	0.7240326591825019	0.0	0.3620163295912509	-6.197772348953712	1.0	Ap1b1	0.0136233720324339
chr6	39117849	39120349	0.7240326591825019	0.0	0.3620163295912509	-6.197772348953712	1.0	Parp12	0.0136233720324339
chr6	54565989	54568489	0.7240326591825019	0.0	0.3620163295912509	-6.197772348953712	1.0	Scrn1	0.0136233720324339
chr6	116673452	116675952	0.7240326591825019	0.0	0.3620163295912509	-6.197772348953712	1.0	Rassf4	0.0136233720324339
chr15	89170620	89173120	0.7240326591825019	0.0	0.3620163295912509	-6.197772348953712	1.0	Plxnb2	0.0136233720324339
chr6	63253876	63256376	0.7240326591825019	0.0	0.3620163295912509	-6.197772348953712	1.0	Grid2	0.0136233720324339
chr3	54753582	54756082	0.7441446774931271	0.0	0.3720723387465635	-6.23676941609921	1.0	Smad9	0.0132600551305901
chr2	6320667	6323167	0.7441446774931271	0.0	0.3720723387465635	-6.23676941609921	1.0	Usp6nl	0.0132600551305901
chr2	164830873	164833373	0.7441446774931271	0.0	0.3720723387465635	-6.23676941609921	1.0	Ctsa	0.0132600551305901
chr15	84855549	84858049	0.7441446774931271	0.0	0.3720723387465635	-6.23676941609921	1.0	Phf21b	0.0132600551305901
chr3	32815546	32818046	0.7441446774931271	0.0	0.3720723387465635	-6.23676941609921	1.0	Usp13	0.0132600551305901
chrX	8206025	8208525	0.7642566958037521	0.0	0.382128347901876	-6.274740049327304	1.0	Porcn	0.0129156131993395
chr17	63499517	63502017	0.7642566958037521	0.0	0.382128347901876	-6.274740049327304	1.0	Fbxl17	0.0129156131993395
chr7	64499706	64502206	0.7642566958037521	0.0	0.382128347901876	-6.274740049327304	1.0	Apba2	0.0129156131993395
chr14	48444128	48446628	0.7642566958037521	0.0	0.382128347901876	-6.274740049327304	1.0	Tmem260	0.0129156131993395
chr2	27674440	27676940	0.7642566958037521	0.0	0.382128347901876	-6.274740049327304	1.0	Rxra	0.0129156131993395
chr7	102265806	102268306	0.7843687141143771	0.0	0.3921843570571885	-6.3117368989207465	1.0	Stim1	0.012588612595536
chr10	13473896	13476396	0.7843687141143771	0.0	0.3921843570571885	-6.3117368989207465	1.0	Phactr2	0.012588612595536
chr8	72474733	72477233	0.8044807324250022	0.0	0.4022403662125011	-6.347808665260395	1.0	Cherp	0.012277761280155
chr9	108189884	108192384	0.8044807324250022	0.0	0.4022403662125011	-6.347808665260395	1.0	Bsn	0.012277761280155
chr6	31217974	31220474	0.8044807324250022	0.0	0.4022403662125011	-6.347808665260395	1.0	Lncpint	0.012277761280155
chr8	71671257	71673757	0.8044807324250022	0.0	0.4022403662125011	-6.347808665260395	1.0	Unc13a	0.012277761280155
chr3	22074652	22077152	0.8044807324250022	0.0	0.4022403662125011	-6.347808665260395	1.0	Tbl1xr1	0.012277761280155
chr6	38636742	38639242	0.8044807324250022	0.0	0.4022403662125011	-6.347808665260395	1.0	Klrg2	0.012277761280155
chr4	98817037	98819537	0.8245927507356272	0.0	0.4122963753678136	-6.383000484308247	1.0	Kank4	0.0119818917564114
chr2	180595790	180598290	0.8245927507356272	0.0	0.4122963753678136	-6.383000484308247	1.0	Col9a3	0.0119818917564114
chr5	65761521	65764021	0.8245927507356272	0.0	0.4122963753678136	-6.383000484308247	1.0	N4bp2	0.0119818917564114
chr16	22162799	22165299	0.8447047690462522	0.0	0.4223523845231261	-6.417354267182747	1.0	Igf2bp2	0.0116999464167712
chr9	122115283	122117783	0.8447047690462522	0.0	0.4223523845231261	-6.417354267182747	1.0	Snrk	0.0116999464167712
chr16	11908945	11911445	0.8447047690462522	0.0	0.4223523845231261	-6.417354267182747	1.0	Cpped1	0.0116999464167712
chr7	27337192	27339692	0.8447047690462522	0.0	0.4223523845231261	-6.417354267182747	1.0	Ltbp4	0.0116999464167712
chr4	138325807	138328307	0.8447047690462522	0.0	0.4223523845231261	-6.417354267182747	1.0	Pink1	0.0116999464167712
chr4	41753228	41755728	0.8447047690462522	0.0	0.4223523845231261	-6.417354267182747	1.0	Galt	0.0116999464167712
chr8	22972844	22975344	0.8447047690462522	0.0	0.4223523845231261	-6.417354267182747	1.0	Ank1	0.0116999464167712
chr19	23756876	23759376	0.8447047690462522	0.0	0.4223523845231261	-6.417354267182747	1.0	Apba1	0.0116999464167712
chr7	128235342	128237842	0.8447047690462522	0.0	0.4223523845231261	-6.417354267182747	1.0	9130023H24Rik	0.0116999464167712
chr17	23788662	23791162	0.8447047690462522	0.0	0.4223523845231261	-6.417354267182747	1.0	Srrm2	0.0116999464167712
chr10	127189554	127192054	0.8447047690462522	0.0	0.4223523845231261	-6.417354267182747	1.0	Dtx3	0.0116999464167712
chr3	107517518	107520018	0.8447047690462522	0.0	0.4223523845231261	-6.417354267182747	1.0	Slc6a17	0.0116999464167712
chr17	28140316	28142816	0.8849288056675024	0.0	0.4424644028337512	-6.48370101101192	1.0	Scube3	0.0111740732186414
chr10	58812642	58815142	0.8849288056675024	0.0	0.4424644028337512	-6.48370101101192	1.0	Sh3rf3	0.0111740732186414
chr9	85840380	85842880	0.8849288056675024	0.0	0.4424644028337512	-6.48370101101192	1.0	Tpbg	0.0111740732186414
chr8	72420974	72423474	0.8849288056675024	0.0	0.4424644028337512	-6.48370101101192	1.0	Eps15l1	0.0111740732186414
chr14	12822579	12825079	0.8849288056675024	0.0	0.4424644028337512	-6.48370101101192	1.0	Cadps	0.0111740732186414
chr11	120631768	120634268	0.8849288056675024	0.0	0.4424644028337512	-6.48370101101192	1.0	Gm17586	0.0111740732186414
chr2	131489496	131491996	0.9050408239781276	0.0	0.4525204119890638	-6.515764204663231	1.0	Smox	0.0109284741597922
chr16	33055718	33058218	0.9251528422887524	0.0	0.4625764211443762	-6.547130274637667	1.0	Iqcg	0.0106934391339979
chr13	51566584	51569084	0.9251528422887524	0.0	0.4625764211443762	-6.547130274637667	1.0	Shc3	0.0106934391339979
chr6	125143241	125145741	0.9251528422887524	0.0	0.4625764211443762	-6.547130274637667	1.0	Iffo1	0.0106934391339979
chr5	53213427	53215927	0.9251528422887524	0.0	0.4625764211443762	-6.547130274637667	1.0	Sel1l3	0.0106934391339979
chr3	105452455	105454955	0.9251528422887524	0.0	0.4625764211443762	-6.547130274637667	1.0	Kcnd3	0.0106934391339979
chr1	89930679	89933179	0.9251528422887524	0.0	0.4625764211443762	-6.547130274637667	1.0	Gbx2	0.0106934391339979
chrX	70364584	70367084	0.9251528422887524	0.0	0.4625764211443762	-6.547130274637667	1.0	Ids	0.0106934391339979
chr8	111337677	111340177	0.9251528422887524	0.0	0.4625764211443762	-6.547130274637667	1.0	Mlkl	0.0106934391339979
chr7	35753954	35756454	0.9251528422887524	0.0	0.4625764211443762	-6.547130274637667	1.0	Dpy19l3	0.0106934391339979
chr4	123663881	123666381	0.9251528422887524	0.0	0.4625764211443762	-6.547130274637667	1.0	Macf1	0.0106934391339979
chr13	99516102	99518602	0.9653768789100026	0.0	0.4826884394550013	-6.607887868904333	1.0	Map1b	0.0102524472501082
chr3	124318855	124321355	0.9653768789100026	0.0	0.4826884394550013	-6.607887868904333	1.0	Tram1l1	0.0102524472501082
chr13	51793247	51795747	0.9653768789100026	0.0	0.4826884394550013	-6.607887868904333	1.0	Sema4d	0.0102524472501082
chr3	89337528	89340028	0.9653768789100026	0.0	0.4826884394550013	-6.607887868904333	1.0	Adam15	0.0102524472501082
chr18	44811682	44814182	0.9653768789100026	0.0	0.4826884394550013	-6.607887868904333	1.0	Mcc	0.0102524472501082
chr4	107683730	107686230	0.9653768789100026	0.0	0.4826884394550013	-6.607887868904333	1.0	Dmrtb1	0.0102524472501082
chr17	34122134	34124634	1.0056009155312526	0.0	0.5028004577656263	-6.666189790416108	1.0	Brd2	0.0098463873427773
chr5	113220736	113223236	1.0056009155312526	0.0	0.5028004577656263	-6.666189790416108	1.0	2900026A02Rik	0.0098463873427773
chr10	60275627	60278127	1.0056009155312526	0.0	0.5028004577656263	-6.666189790416108	1.0	Psap	0.0098463873427773
chr6	32587692	32590192	1.0056009155312526	0.0	0.5028004577656263	-6.666189790416108	1.0	Plxna4	0.0098463873427773
chr5	135394046	135396546	1.0056009155312526	0.0	0.5028004577656263	-6.666189790416108	1.0	Pom121	0.0098463873427773
chrX	7318858	7321358	1.0257129338418778	0.0	0.5128564669209389	-6.694480379756935	1.0	Clcn5	0.0096551850162824
chr5	36397639	36400139	1.045824952152503	0.0	0.5229124760762515	-6.72222685629399	1.0	Sorcs2	0.0094712669743342
chrX	162643149	162645649	1.045824952152503	0.0	0.5229124760762515	-6.72222685629399	1.0	Reps2	0.0094712669743342
chr4	149584468	149586968	1.045824952152503	0.0	0.5229124760762515	-6.72222685629399	1.0	Clstn1	0.0094712669743342
chr10	61713263	61715763	1.045824952152503	0.0	0.5229124760762515	-6.72222685629399	1.0	Aifm2	0.0094712669743342
chr5	3802425	3804925	1.045824952152503	0.0	0.5229124760762515	-6.72222685629399	1.0	Ankib1	0.0094712669743342
chr5	26815203	26817703	1.045824952152503	0.0	0.5229124760762515	-6.72222685629399	1.0	Dpp6	0.0094712669743342
chr4	66404111	66406611	1.045824952152503	0.0	0.5229124760762515	-6.72222685629399	1.0	Astn2	0.0094712669743342
chr8	125993102	125995602	1.065936970463128	0.0	0.532968485231564	-6.749449755528294	1.0	Kcnk1	0.0092942247311155
chr13	20088596	20091096	1.065936970463128	0.0	0.532968485231564	-6.749449755528294	1.0	Elmo1	0.0092942247311155
chr11	75454217	75456717	1.065936970463128	0.0	0.532968485231564	-6.749449755528294	1.0	Wdr81	0.0092942247311155
chr7	116307876	116310376	1.086048988773753	0.0	0.5430244943868765	-6.776168471906624	1.0	Plekha7	0.0091236797829519
chr4	137795884	137798384	1.086048988773753	0.0	0.5430244943868765	-6.776168471906624	1.0	Alpl	0.0091236797829519
chrX	73965857	73968357	1.086048988773753	0.0	0.5430244943868765	-6.776168471906624	1.0	Hcfc1	0.0091236797829519
chr11	107545930	107548430	1.086048988773753	0.0	0.5430244943868765	-6.776168471906624	1.0	Helz	0.0091236797829519
chr11	98410470	98412970	1.086048988773753	0.0	0.5430244943868765	-6.776168471906624	1.0	Erbb2	0.0091236797829519
chr6	91210455	91212955	1.086048988773753	0.0	0.5430244943868765	-6.776168471906624	1.0	Fbln2	0.0091236797829519
chr6	38661069	38663569	1.086048988773753	0.0	0.5430244943868765	-6.776168471906624	1.0	Clec2l	0.0091236797829519
chr5	142958343	142960843	1.086048988773753	0.0	0.5430244943868765	-6.776168471906624	1.0	Fscn1	0.0091236797829519
chr2	179973993	179976493	1.086048988773753	0.0	0.5430244943868765	-6.776168471906624	1.0	Taf4	0.0091236797829519
chr4	142083804	142086304	1.086048988773753	0.0	0.5430244943868765	-6.776168471906624	1.0	Tmem51	0.0091236797829519
chr3	89912696	89915196	1.106161007084378	0.0	0.553080503542189	-6.80240134182336	1.0	Il6ra	0.0089592809070815
chr14	32320019	32322519	1.106161007084378	0.0	0.553080503542189	-6.80240134182336	1.0	Ogdhl	0.0089592809070815
chr17	45549177	45551677	1.106161007084378	0.0	0.553080503542189	-6.80240134182336	1.0	Tmem151b	0.0089592809070815
chr13	12106445	12108945	1.126273025395003	0.0	0.5631365126975015	-6.828165719209828	1.0	Ryr2	0.0088007017472967
chr7	19280624	19283124	1.126273025395003	0.0	0.5631365126975015	-6.828165719209828	1.0	Rtn2	0.0088007017472967
chr9	51763337	51765837	1.126273025395003	0.0	0.5631365126975015	-6.828165719209828	1.0	Arhgap20	0.0088007017472967
chr11	8664035	8666535	1.126273025395003	0.0	0.5631365126975015	-6.828165719209828	1.0	Tns3	0.0088007017472967
chr9	70503225	70505725	1.126273025395003	0.0	0.5631365126975015	-6.828165719209828	1.0	Rnf111	0.0088007017472967
chr11	65162461	65164961	1.126273025395003	0.0	0.5631365126975015	-6.828165719209828	1.0	Arhgap44	0.0088007017472967
chr17	45686405	45688905	1.126273025395003	0.0	0.5631365126975015	-6.828165719209828	1.0	Tmem63b	0.0088007017472967
chr2	156838007	156840507	1.126273025395003	0.0	0.5631365126975015	-6.828165719209828	1.0	Tgif2	0.0088007017472967
chr8	70766163	70768663	1.126273025395003	0.0	0.5631365126975015	-6.828165719209828	1.0	Ifi30	0.0088007017472967
chr2	112237468	112239968	1.126273025395003	0.0	0.5631365126975015	-6.828165719209828	1.0	Lpcat4	0.0088007017472967
chr4	126607818	126610318	1.126273025395003	0.0	0.5631365126975015	-6.828165719209828	1.0	5730409E04Rik	0.0088007017472967
chr5	84416882	84419382	1.126273025395003	0.0	0.5631365126975015	-6.828165719209828	1.0	Epha5	0.0088007017472967
chr13	117025016	117027516	1.1463850437056282	0.0	0.5731925218528141	-6.853478044491622	1.0	Parp8	0.00864763865153
chr18	37804364	37806864	1.1463850437056282	0.0	0.5731925218528141	-6.853478044491622	1.0	Pcdhgb4	0.00864763865153
chr9	116174863	116177363	1.1463850437056282	0.0	0.5731925218528141	-6.853478044491622	1.0	Tgfbr2	0.00864763865153
chr19	46042886	46045386	1.1664970620162531	0.0	0.5832485310081266	-6.87835390760011	1.0	Ldb1	0.0084998087312366
chr12	111573902	111576402	1.1664970620162531	0.0	0.5832485310081266	-6.87835390760011	1.0	2810029C07Rik	0.0084998087312366
chrX	161715069	161717569	1.1664970620162531	0.0	0.5832485310081266	-6.87835390760011	1.0	Rai2	0.0084998087312366
chr8	83698679	83701179	1.1664970620162531	0.0	0.5832485310081266	-6.87835390760011	1.0	Pkn1	0.0084998087312366
chr7	45333280	45335780	1.1664970620162531	0.0	0.5832485310081266	-6.87835390760011	1.0	Trpm4	0.0084998087312366
chr8	44933447	44935947	1.1664970620162531	0.0	0.5832485310081266	-6.87835390760011	1.0	Fat1	0.0084998087312366
chrX	99819021	99821521	1.1664970620162531	0.0	0.5832485310081266	-6.87835390760011	1.0	Tmem28	0.0084998087312366
chr7	97079586	97082086	1.1664970620162531	0.0	0.5832485310081266	-6.87835390760011	1.0	Gab2	0.0084998087312366
chr2	166155163	166157663	1.1664970620162531	0.0	0.5832485310081266	-6.87835390760011	1.0	Sulf2	0.0084998087312366
chr6	28214305	28216805	1.1664970620162531	0.0	0.5832485310081266	-6.87835390760011	1.0	Gm42547	0.0084998087312366
chr11	32221800	32224300	1.1664970620162531	0.0	0.5832485310081266	-6.87835390760011	1.0	Rhbdf1	0.0084998087312366
chr10	127059684	127062184	1.1664970620162531	0.0	0.5832485310081266	-6.87835390760011	1.0	March9	0.0084998087312366
chr2	65238903	65241403	1.1664970620162531	0.0	0.5832485310081266	-6.87835390760011	1.0	Cobll1	0.0084998087312366
chr11	94473698	94476198	1.1866090803268785	0.0	0.5933045401634393	-6.902808105642936	1.0	Cacna1g	0.0083569481164795
chr17	6104437	6106937	1.2067210986375032	0.0	0.6033605493187516	-6.926854695767712	1.0	Tulp4	0.0082188103840708
chrX	7636471	7638971	1.2067210986375032	0.0	0.6033605493187516	-6.926854695767712	1.0	Syp	0.0082188103840708
chr10	79791572	79794072	1.2067210986375032	0.0	0.6033605493187516	-6.926854695767712	1.0	Palm	0.0082188103840708
chr12	81858030	81860530	1.2067210986375032	0.0	0.6033605493187516	-6.926854695767712	1.0	Pcnx	0.0082188103840708
chr6	56568603	56571103	1.2067210986375032	0.0	0.6033605493187516	-6.926854695767712	1.0	Pde1c	0.0082188103840708
chr4	135494538	135497038	1.2067210986375032	0.0	0.6033605493187516	-6.926854695767712	1.0	Nipal3	0.0082188103840708
chr10	26078552	26081052	1.2067210986375032	0.0	0.6033605493187516	-6.926854695767712	1.0	Tmem200a	0.0082188103840708
chr1	75373297	75375797	1.2067210986375032	0.0	0.6033605493187516	-6.926854695767712	1.0	Speg	0.0082188103840708
chr5	138993056	138995556	1.2067210986375032	0.0	0.6033605493187516	-6.926854695767712	1.0	Pdgfa	0.0082188103840708
chr5	124249260	124251760	1.2067210986375032	0.0	0.6033605493187516	-6.926854695767712	1.0	Pitpnm2	0.0082188103840708
chr2	157134765	157137265	1.2067210986375032	0.0	0.6033605493187516	-6.926854695767712	1.0	Samhd1	0.0082188103840708
chr9	40530883	40533383	1.2067210986375032	0.0	0.6033605493187516	-6.926854695767712	1.0	Gramd1b	0.0082188103840708
chr3	25143761	25146261	1.2268331169481284	0.0	0.6134165584740642	-6.950507043691836	1.0	Naaladl2	0.0080851651390729
chr2	113216596	113219096	1.2268331169481284	0.0	0.6134165584740642	-6.950507043691836	1.0	Ryr3	0.0080851651390729
chr18	12305220	12307720	1.2268331169481284	0.0	0.6134165584740642	-6.950507043691836	1.0	Ankrd29	0.0080851651390729
chr1	63443891	63446391	1.2268331169481284	0.0	0.6134165584740642	-6.950507043691836	1.0	Adam23	0.0080851651390729
chr1	153549545	153552045	1.2268331169481284	0.0	0.6134165584740642	-6.950507043691836	1.0	Npl	0.0080851651390729
chrX	162159230	162161730	1.2268331169481284	0.0	0.6134165584740642	-6.950507043691836	1.0	Nhs	0.0080851651390729
chr9	81633328	81635828	1.2469451352587533	0.0	0.6234725676293766	-6.973777868317888	1.0	Htr1b	0.0079557967324814
chr4	127167204	127169704	1.2469451352587533	0.0	0.6234725676293766	-6.973777868317888	1.0	Dlgap3	0.0079557967324814
chr10	128457236	128459736	1.2469451352587533	0.0	0.6234725676293766	-6.973777868317888	1.0	Smarcc2	0.0079557967324814
chr11	83462571	83465071	1.2469451352587533	0.0	0.6234725676293766	-6.973777868317888	1.0	Mmp28	0.0079557967324814
chr4	124698701	124701201	1.2469451352587533	0.0	0.6234725676293766	-6.973777868317888	1.0	Fhl3	0.0079557967324814
chr9	108824320	108826820	1.2469451352587533	0.0	0.6234725676293766	-6.973777868317888	1.0	Celsr3	0.0079557967324814
chr5	143756354	143758854	1.2469451352587533	0.0	0.6234725676293766	-6.973777868317888	1.0	D130017N08Rik	0.0079557967324814
chr7	79508362	79510862	1.2469451352587533	0.0	0.6234725676293766	-6.973777868317888	1.0	A330074H02Rik	0.0079557967324814
chr17	44186572	44189072	1.2670571535693784	0.0	0.6335285767846892	-6.996679282807515	1.0	Clic5	0.0078305031000765
chr2	153240926	153243426	1.2670571535693784	0.0	0.6335285767846892	-6.996679282807515	1.0	Plagl2	0.0078305031000765
chr14	111673115	111675615	1.2670571535693784	0.0	0.6335285767846892	-6.996679282807515	1.0	Slitrk5	0.0078305031000765
chr2	156418909	156421409	1.2871691718800036	0.0	0.6435845859400018	-7.019222832445859	1.0	Epb41l1	0.0077090947092944
chr14	63434394	63436894	1.2871691718800036	0.0	0.6435845859400018	-7.019222832445859	1.0	Fam167a	0.0077090947092944
chr12	16999908	17002408	1.2871691718800036	0.0	0.6435845859400018	-7.019222832445859	1.0	Pqlc3	0.0077090947092944
chr12	26467204	26469704	1.2871691718800036	0.0	0.6435845859400018	-7.019222832445859	1.0	Cmpk2	0.0077090947092944
chr10	28072820	28075320	1.2871691718800036	0.0	0.6435845859400018	-7.019222832445859	1.0	Ptprk	0.0077090947092944
chr10	22156586	22159086	1.2871691718800036	0.0	0.6435845859400018	-7.019222832445859	1.0	H60b	0.0077090947092944
chr1	84695721	84698221	1.2871691718800036	0.0	0.6435845859400018	-7.019222832445859	1.0	Dner	0.0077090947092944
chr4	116017426	116019926	1.2871691718800036	0.0	0.6435845859400018	-7.019222832445859	1.0	Faah	0.0077090947092944
chr12	72408554	72411054	1.2871691718800036	0.0	0.6435845859400018	-7.019222832445859	1.0	Rtn1	0.0077090947092944
chr1	38836211	38838711	1.2871691718800036	0.0	0.6435845859400018	-7.019222832445859	1.0	Lonrf2	0.0077090947092944
chr1	64956324	64958824	1.2871691718800036	0.0	0.6435845859400018	-7.019222832445859	1.0	Plekhm3	0.0077090947092944
chr6	48048411	48050911	1.2871691718800036	0.0	0.6435845859400018	-7.019222832445859	1.0	Zfp777	0.0077090947092944
chr12	81332680	81335180	1.3072811901906285	0.0	0.6536405950953142	-7.041419529592865	1.0	Slc8a3	0.0075913936025708
chr11	98149903	98152403	1.3072811901906285	0.0	0.6536405950953142	-7.041419529592865	1.0	Fbxl20	0.0075913936025708
chr1	134403559	134406059	1.3072811901906285	0.0	0.6536405950953142	-7.041419529592865	1.0	Cyb5r1	0.0075913936025708
chr7	16813889	16816389	1.3072811901906285	0.0	0.6536405950953142	-7.041419529592865	1.0	Strn4	0.0075913936025708
chr9	37255238	37257738	1.3072811901906285	0.0	0.6536405950953142	-7.041419529592865	1.0	Slc37a2	0.0075913936025708
chr9	51101578	51104078	1.3072811901906285	0.0	0.6536405950953142	-7.041419529592865	1.0	4833427G06Rik	0.0075913936025708
chr11	88997376	88999876	1.3072811901906285	0.0	0.6536405950953142	-7.041419529592865	1.0	Trim25	0.0075913936025708
chr8	111743349	111745849	1.3072811901906285	0.0	0.6536405950953142	-7.041419529592865	1.0	Bcar1	0.0075913936025708
chr15	79402803	79405303	1.3072811901906285	0.0	0.6536405950953142	-7.041419529592865	1.0	Tmem184b	0.0075913936025708
chr11	70560881	70563381	1.3273932085012536	0.0	0.6636966042506268	-7.063279885986325	1.0	Mink1	0.0074772325270041
chr1	158360273	158362773	1.3273932085012536	0.0	0.6636966042506268	-7.063279885986325	1.0	Astn1	0.0074772325270041
chr18	34006706	34009206	1.3273932085012536	0.0	0.6636966042506268	-7.063279885986325	1.0	Epb41l4a	0.0074772325270041
chr4	33206991	33209491	1.3273932085012536	0.0	0.6636966042506268	-7.063279885986325	1.0	Srsf12	0.0074772325270041
chr16	9995060	9997560	1.3475052268118786	0.0	0.6737526134059393	-7.084813942633872	1.0	Grin2a	0.0073664541413848
chr7	139832174	139834674	1.3475052268118786	0.0	0.6737526134059393	-7.084813942633872	1.0	Adgra1	0.0073664541413848
chr7	19458321	19460821	1.3475052268118786	0.0	0.6737526134059393	-7.084813942633872	1.0	Mark4	0.0073664541413848
chr1	134558171	134560671	1.3475052268118786	0.0	0.6737526134059393	-7.084813942633872	1.0	Kdm5b	0.0073664541413848
chr7	105581153	105583653	1.3475052268118786	0.0	0.6737526134059393	-7.084813942633872	1.0	Apbb1	0.0073664541413848
chr2	38337281	38339781	1.3676172451225037	0.0	0.6838086225612519	-7.106031297506696	1.0	Lhx2	0.0072589102926849
chr15	39196332	39198832	1.3676172451225037	0.0	0.6838086225612519	-7.106031297506696	1.0	Rims2	0.0072589102926849
chr13	55462267	55464767	1.3676172451225037	0.0	0.6838086225612519	-7.106031297506696	1.0	Prr7	0.0072589102926849
chr7	84409676	84412176	1.3676172451225037	0.0	0.6838086225612519	-7.106031297506696	1.0	Arnt2	0.0072589102926849
chr12	112586784	112589284	1.3676172451225037	0.0	0.6838086225612519	-7.106031297506696	1.0	Inf2	0.0072589102926849
chr2	119286740	119289240	1.3676172451225037	0.0	0.6838086225612519	-7.106031297506696	1.0	Vps18	0.0072589102926849
chr9	86880154	86882654	1.3676172451225037	0.0	0.6838086225612519	-7.106031297506696	1.0	Snap91	0.0072589102926849
chr16	35152877	35155377	1.3676172451225037	0.0	0.6838086225612519	-7.106031297506696	1.0	Adcy5	0.0072589102926849
chrX	140600159	140602659	1.3676172451225037	0.0	0.6838086225612519	-7.106031297506696	1.0	Tsc22d3	0.0072589102926849
chr11	102447182	102449682	1.3676172451225037	0.0	0.6838086225612519	-7.106031297506696	1.0	Fam171a2	0.0072589102926849
chr1	192855256	192857756	1.3676172451225037	0.0	0.6838086225612519	-7.106031297506696	1.0	Sertad4	0.0072589102926849
chr11	115473667	115476167	1.3676172451225037	0.0	0.6838086225612519	-7.106031297506696	1.0	Armc7	0.0072589102926849
chr11	76179147	76181647	1.3676172451225037	0.0	0.6838086225612519	-7.106031297506696	1.0	Vps53	0.0072589102926849
chr3	87174247	87176747	1.3676172451225037	0.0	0.6838086225612519	-7.106031297506696	1.0	Kirrel	0.0072589102926849
chr10	128891218	128893718	1.3877292634331289	0.0	0.6938646317165644	-7.126941131226172	1.0	Gdf11	0.0071544613550107
chr11	60103013	60105513	1.4078412817437538	0.0	0.7039206408718769	-7.147552230915451	1.0	Rai1	0.0070529756248184
chr9	107231409	107233909	1.4078412817437538	0.0	0.7039206408718769	-7.147552230915451	1.0	Dock3	0.0070529756248184
chr1	54194668	54197168	1.4078412817437538	0.0	0.7039206408718769	-7.147552230915451	1.0	Hecw2	0.0070529756248184
chr5	135934116	135936616	1.4078412817437538	0.0	0.7039206408718769	-7.147552230915451	1.0	Ywhag	0.0070529756248184
chr7	30588226	30590726	1.4078412817437538	0.0	0.7039206408718769	-7.147552230915451	1.0	Kmt2b	0.0070529756248184
chr19	41895653	41898153	1.4078412817437538	0.0	0.7039206408718769	-7.147552230915451	1.0	Rrp12	0.0070529756248184
chr16	44558397	44560897	1.4078412817437538	0.0	0.7039206408718769	-7.147552230915451	1.0	Boc	0.0070529756248184
chr11	70698548	70701048	1.4078412817437538	0.0	0.7039206408718769	-7.147552230915451	1.0	Kif1c	0.0070529756248184
chr17	35377617	35380117	1.427953300054379	0.0	0.7139766500271895	-7.16787301237114	1.0	H2-Q4	0.0069543287668812
chr14	70075445	70077945	1.427953300054379	0.0	0.7139766500271895	-7.16787301237114	1.0	Egr3	0.0069543287668812
chr8	84799844	84802344	1.448065318365004	0.0	0.724032659182502	-7.187911540695049	1.0	Nfix	0.0068584033061107
chr7	5049538	5052038	1.448065318365004	0.0	0.724032659182502	-7.187911540695049	1.0	Zfp580	0.0068584033061107
chr2	24762652	24765152	1.448065318365004	0.0	0.724032659182502	-7.187911540695049	1.0	Cacna1b	0.0068584033061107
chr5	128597456	128599956	1.448065318365004	0.0	0.724032659182502	-7.187911540695049	1.0	Gm42498	0.0068584033061107
chr1	33906225	33908725	1.448065318365004	0.0	0.724032659182502	-7.187911540695049	1.0	Dst	0.0068584033061107
chr3	32365514	32368014	1.448065318365004	0.0	0.724032659182502	-7.187911540695049	1.0	Zmat3	0.0068584033061107
chr11	66525464	66527964	1.448065318365004	0.0	0.724032659182502	-7.187911540695049	1.0	Shisa6	0.0068584033061107
chr19	5118060	5120560	1.448065318365004	0.0	0.724032659182502	-7.187911540695049	1.0	Klc2	0.0068584033061107
chr2	92913098	92915598	1.468177336675629	0.0	0.7340886683378145	-7.207675549512631	1.0	Syt13	0.0067650881608627
chr1	21961442	21963942	1.468177336675629	0.0	0.7340886683378145	-7.207675549512631	1.0	Kcnq5	0.0067650881608627
chr2	69585565	69588065	1.468177336675629	0.0	0.7340886683378145	-7.207675549512631	1.0	Lrp2	0.0067650881608627
chr5	144965347	144967847	1.468177336675629	0.0	0.7340886683378145	-7.207675549512631	1.0	Smurf1	0.0067650881608627
chr9	56795968	56798468	1.468177336675629	0.0	0.7340886683378145	-7.207675549512631	1.0	Lingo1	0.0067650881608627
chr10	75559830	75562330	1.468177336675629	0.0	0.7340886683378145	-7.207675549512631	1.0	Lrrc75b	0.0067650881608627
chr19	4476947	4479447	1.488289354986254	0.0	0.744144677493127	-7.227172458892695	1.0	Syt12	0.0066742782138312
chr14	63543453	63545953	1.488289354986254	0.0	0.744144677493127	-7.227172458892695	1.0	Mtmr9	0.0066742782138312
chr16	24391350	24393850	1.488289354986254	0.0	0.744144677493127	-7.227172458892695	1.0	Lpp	0.0066742782138312
chr7	89630392	89632892	1.488289354986254	0.0	0.744144677493127	-7.227172458892695	1.0	Me3	0.0066742782138312
chr7	36696118	36698618	1.488289354986254	0.0	0.744144677493127	-7.227172458892695	1.0	Tshz3	0.0066742782138312
chr4	100774675	100777175	1.488289354986254	0.0	0.744144677493127	-7.227172458892695	1.0	Cachd1	0.0066742782138312
chr11	107131627	107134127	1.488289354986254	0.0	0.744144677493127	-7.227172458892695	1.0	Bptf	0.0066742782138312
chr8	71725216	71727716	1.488289354986254	0.0	0.744144677493127	-7.227172458892695	1.0	Fcho1	0.0066742782138312
chr13	54947411	54949911	1.508401373296879	0.0	0.7542006866484395	-7.24640939207232	1.0	Unc5a	0.0065858739170441
chr8	17535086	17537586	1.508401373296879	0.0	0.7542006866484395	-7.24640939207232	1.0	Csmd1	0.0065858739170441
chr18	37753731	37756231	1.508401373296879	0.0	0.7542006866484395	-7.24640939207232	1.0	Pcdhgb4	0.0065858739170441
chr17	28350305	28352805	1.508401373296879	0.0	0.7542006866484395	-7.24640939207232	1.0	Tead3	0.0065858739170441
chr3	107099146	107101646	1.508401373296879	0.0	0.7542006866484395	-7.24640939207232	1.0	Kcna2	0.0065858739170441
chr5	88884818	88887318	1.508401373296879	0.0	0.7542006866484395	-7.24640939207232	1.0	Slc4a4	0.0065858739170441
chr16	31661443	31663943	1.5285133916075042	0.0	0.7642566958037521	-7.265393191081316	1.0	Dlg1	0.006499780927842
chr7	142387538	142390038	1.5285133916075042	0.0	0.7642566958037521	-7.265393191081316	1.0	Ctsd	0.006499780927842
chr8	120226456	120228956	1.5285133916075042	0.0	0.7642566958037521	-7.265393191081316	1.0	Gse1	0.006499780927842
chr11	61854573	61857073	1.5285133916075042	0.0	0.7642566958037521	-7.265393191081316	1.0	Ulk2	0.006499780927842
chr14	30712849	30715349	1.5285133916075042	0.0	0.7642566958037521	-7.265393191081316	1.0	Sfmbt1	0.006499780927842
chr9	62675826	62678326	1.5285133916075042	0.0	0.7642566958037521	-7.265393191081316	1.0	Itga11	0.006499780927842
chr11	79337693	79340193	1.5285133916075042	0.0	0.7642566958037521	-7.265393191081316	1.0	Nf1	0.006499780927842
chrX	74327066	74329566	1.5486254099181291	0.0	0.7743127049590646	-7.284130431351964	1.0	Plxna3	0.0064159097730385
chr6	119847667	119850167	1.5486254099181291	0.0	0.7743127049590646	-7.284130431351964	1.0	Erc1	0.0064159097730385
chr15	103537492	103539992	1.5687374282287545	0.0	0.7843687141143773	-7.302627435392147	1.0	Ppp1r1a	0.0063341755387527
chr1	152952993	152955493	1.5687374282287545	0.0	0.7843687141143773	-7.302627435392147	1.0	Nmnat2	0.0063341755387527
chr12	79007127	79009627	1.5687374282287545	0.0	0.7843687141143773	-7.302627435392147	1.0	Tmem229b	0.0063341755387527
chr3	152667860	152670360	1.5687374282287545	0.0	0.7843687141143773	-7.302627435392147	1.0	Ak5	0.0063341755387527
chr5	114705760	114708260	1.5687374282287545	0.0	0.7843687141143773	-7.302627435392147	1.0	Tchp	0.0063341755387527
chrX	153496227	153498727	1.5687374282287545	0.0	0.7843687141143773	-7.302627435392147	1.0	Ubqln2	0.0063341755387527
chr16	20610268	20612768	1.5687374282287545	0.0	0.7843687141143773	-7.302627435392147	1.0	Alg3	0.0063341755387527
chr4	120403281	120405781	1.5888494465393792	0.0	0.7944247232696896	-7.320890285592967	1.0	Scmh1	0.0062544975836495
chr4	130790537	130793037	1.5888494465393792	0.0	0.7944247232696896	-7.320890285592967	1.0	Sdc3	0.0062544975836495
chr10	78572500	78575000	1.5888494465393792	0.0	0.7944247232696896	-7.320890285592967	1.0	Ilvbl	0.0062544975836495
chr15	79106972	79109472	1.5888494465393792	0.0	0.7944247232696896	-7.320890285592967	1.0	Micall1	0.0062544975836495
chr10	9674708	9677208	1.6089614648500044	0.0	0.8044807324250022	-7.338924836235813	1.0	Samd5	0.0061767992735555
chr10	53750409	53752909	1.6089614648500044	0.0	0.8044807324250022	-7.338924836235813	1.0	Fam184a	0.0061767992735555
chr4	53159395	53161895	1.6089614648500044	0.0	0.8044807324250022	-7.338924836235813	1.0	Abca1	0.0061767992735555
chr4	143212495	143214995	1.6089614648500044	0.0	0.8044807324250022	-7.338924836235813	1.0	Prdm2	0.0061767992735555
chr7	45052381	45054881	1.6089614648500044	0.0	0.8044807324250022	-7.338924836235813	1.0	Prr12	0.0061767992735555
chr4	74011442	74013942	1.6089614648500044	0.0	0.8044807324250022	-7.338924836235813	1.0	Frmd3	0.0061767992735555
chr19	7415625	7418125	1.6089614648500044	0.0	0.8044807324250022	-7.338924836235813	1.0	2700081O15Rik	0.0061767992735555
chr2	71115923	71118423	1.6290734831606295	0.0	0.8145367415803147	-7.35673672475815	1.0	Cybrd1	0.0061010077356123
chr17	47735030	47737530	1.6290734831606295	0.0	0.8145367415803147	-7.35673672475815	1.0	Tfeb	0.0061010077356123
chr11	97797000	97799500	1.6290734831606295	0.0	0.8145367415803147	-7.35673672475815	1.0	Lasp1	0.0061010077356123
chr15	100599484	100601984	1.6290734831606295	0.0	0.8145367415803147	-7.35673672475815	1.0	Pou6f1	0.0061010077356123
chr16	20620787	20623287	1.6491855014712544	0.0	0.8245927507356272	-7.3743313823323104	1.0	Camk2n2	0.0060270536303099
chr7	28961840	28964340	1.6491855014712544	0.0	0.8245927507356272	-7.3743313823323104	1.0	Actn4	0.0060270536303099
chr17	84509895	84512395	1.6491855014712544	0.0	0.8245927507356272	-7.3743313823323104	1.0	Plekhh2	0.0060270536303099
chr4	63212004	63214504	1.6491855014712544	0.0	0.8245927507356272	-7.3743313823323104	1.0	Col27a1	0.0060270536303099
chr18	74960763	74963263	1.6491855014712544	0.0	0.8245927507356272	-7.3743313823323104	1.0	Lipg	0.0060270536303099
chr16	33682466	33684966	1.6491855014712544	0.0	0.8245927507356272	-7.3743313823323104	1.0	Heg1	0.0060270536303099
chr11	116580947	116583447	1.6692975197818796	0.0	0.8346487598909398	-7.391714043806931	1.0	Ube2o	0.0059548709399028
chr14	69765472	69767972	1.6692975197818796	0.0	0.8346487598909398	-7.391714043806931	1.0	Tnfrsf10b	0.0059548709399028
chr7	105787154	105789654	1.6692975197818796	0.0	0.8346487598909398	-7.391714043806931	1.0	Dchs1	0.0059548709399028
chr14	63604503	63607003	1.6692975197818796	0.0	0.8346487598909398	-7.391714043806931	1.0	Xkr6	0.0059548709399028
chr4	138452314	138454814	1.6894095380925045	0.0	0.8447047690462522	-7.408889757056571	1.0	Camk2n1	0.0058843967718484
chr9	46010820	46013320	1.6894095380925045	0.0	0.8447047690462522	-7.408889757056571	1.0	Sik3	0.0058843967718484
chr4	43056953	43059453	1.6894095380925045	0.0	0.8447047690462522	-7.408889757056571	1.0	Unc13b	0.0058843967718484
chr7	35117293	35119793	1.6894095380925045	0.0	0.8447047690462522	-7.408889757056571	1.0	Cebpa	0.0058843967718484
chr6	86847517	86850017	1.6894095380925045	0.0	0.8447047690462522	-7.408889757056571	1.0	Aak1	0.0058843967718484
chr12	98736905	98739405	1.6894095380925045	0.0	0.8447047690462522	-7.408889757056571	1.0	Ptpn21	0.0058843967718484
chr16	17617354	17619854	1.6894095380925045	0.0	0.8447047690462522	-7.408889757056571	1.0	Smpd4	0.0058843967718484
chr2	165990636	165993136	1.6894095380925045	0.0	0.8447047690462522	-7.408889757056571	1.0	Ncoa3	0.0058843967718484
chr16	16600049	16602549	1.6894095380925045	0.0	0.8447047690462522	-7.408889757056571	1.0	Fgd4	0.0058843967718484
chr7	25685002	25687502	1.6894095380925045	0.0	0.8447047690462522	-7.408889757056571	1.0	Tgfb1	0.0058843967718484
chr11	55032945	55035445	1.6894095380925045	0.0	0.8447047690462522	-7.408889757056571	1.0	Anxa6	0.0058843967718484
chr1	186705489	186707989	1.6894095380925045	0.0	0.8447047690462522	-7.408889757056571	1.0	Tgfb2	0.0058843967718484
chr11	101784871	101787371	1.7095215564031296	0.0	0.8547607782015648	-7.425863391781307	1.0	Etv4	0.0058155711760414
chr5	105517388	105519888	1.7095215564031296	0.0	0.8547607782015648	-7.425863391781307	1.0	Lrrc8c	0.0058155711760414
chr8	69789163	69791663	1.7095215564031296	0.0	0.8547607782015648	-7.425863391781307	1.0	Atp13a1	0.0058155711760414
chr8	90347843	90350343	1.7095215564031296	0.0	0.8547607782015648	-7.425863391781307	1.0	Tox3	0.0058155711760414
chr2	26379526	26382026	1.7095215564031296	0.0	0.8547607782015648	-7.425863391781307	1.0	Snapc4	0.0058155711760414
chr19	22137119	22139619	1.7095215564031296	0.0	0.8547607782015648	-7.425863391781307	1.0	Trpm3	0.0058155711760414
chr16	17206135	17208635	1.7296335747137548	0.0	0.8648167873568774	-7.442639647794659	1.0	Rimbp3	0.0057483369747249
chr16	4213497	4215997	1.7296335747137548	0.0	0.8648167873568774	-7.442639647794659	1.0	Crebbp	0.0057483369747249
chr5	115563254	115565754	1.7296335747137548	0.0	0.8648167873568774	-7.442639647794659	1.0	Gcn1l1	0.0057483369747249
chrX	7760560	7763060	1.7296335747137548	0.0	0.8648167873568774	-7.442639647794659	1.0	Tfe3	0.0057483369747249
chr18	16808746	16811246	1.7296335747137548	0.0	0.8648167873568774	-7.442639647794659	1.0	Cdh2	0.0057483369747249
chr7	100931607	100934107	1.7296335747137548	0.0	0.8648167873568774	-7.442639647794659	1.0	Arhgef17	0.0057483369747249
chr16	11982113	11984613	1.7296335747137548	0.0	0.8648167873568774	-7.442639647794659	1.0	Shisa9	0.0057483369747249
chr17	35909575	35912075	1.7296335747137548	0.0	0.8648167873568774	-7.442639647794659	1.0	Atat1	0.0057483369747249
chr10	81482209	81484709	1.7296335747137548	0.0	0.8648167873568774	-7.442639647794659	1.0	Celf5	0.0057483369747249
chr4	118290905	118293405	1.7497455930243797	0.0	0.8748727965121899	-7.459223062835161	1.0	Ptprf	0.0056826396040654
chr2	91253954	91256454	1.7497455930243797	0.0	0.8748727965121899	-7.459223062835161	1.0	Pacsin3	0.0056826396040654
chr19	24030519	24033019	1.7698576113350049	0.0	0.8849288056675024	-7.4756180199340445	1.0	Fam189a2	0.0056184269664691
chr11	7061489	7063989	1.7698576113350049	0.0	0.8849288056675024	-7.4756180199340445	1.0	Adcy1	0.0056184269664691
chr18	66456604	66459104	1.7698576113350049	0.0	0.8849288056675024	-7.4756180199340445	1.0	Pmaip1	0.0056184269664691
chr7	105633071	105635571	1.7698576113350049	0.0	0.8849288056675024	-7.4756180199340445	1.0	Trim3	0.0056184269664691
chr6	55449978	55452478	1.7698576113350049	0.0	0.8849288056675024	-7.4756180199340445	1.0	Adcyap1r1	0.0056184269664691
chr2	26122720	26125220	1.7698576113350049	0.0	0.8849288056675024	-7.4756180199340445	1.0	Nacc2	0.0056184269664691
chr6	17063149	17065649	1.7698576113350049	0.0	0.8849288056675024	-7.4756180199340445	1.0	Gm4876	0.0056184269664691
chr8	70280827	70283327	1.7698576113350049	0.0	0.8849288056675024	-7.4756180199340445	1.0	Homer3	0.0056184269664691
chr19	7054768	7057268	1.7698576113350049	0.0	0.8849288056675024	-7.4756180199340445	1.0	Macrod1	0.0056184269664691
chr10	122676762	122679262	1.7698576113350049	0.0	0.8849288056675024	-7.4756180199340445	1.0	Ppm1h	0.0056184269664691
chr6	115132902	115135402	1.7698576113350049	0.0	0.8849288056675024	-7.4756180199340445	1.0	Syn2	0.0056184269664691
chr12	80436101	80438601	1.7698576113350049	0.0	0.8849288056675024	-7.4756180199340445	1.0	Dcaf5	0.0056184269664691
chr2	30358837	30361337	1.7698576113350049	0.0	0.8849288056675024	-7.4756180199340445	1.0	Sh3glb2	0.0056184269664691
chr2	18037237	18039737	1.7698576113350049	0.0	0.8849288056675024	-7.4756180199340445	1.0	A930004D18Rik	0.0056184269664691
chr4	97770734	97773234	1.7899696296456298	0.0	0.8949848148228149	-7.491828754368965	1.0	Nfia	0.0055556492927987
chr4	118408773	118411273	1.7899696296456298	0.0	0.8949848148228149	-7.491828754368965	1.0	Szt2	0.0055556492927987
chr2	180225359	180227859	1.7899696296456298	0.0	0.8949848148228149	-7.491828754368965	1.0	Lama5	0.0055556492927987
chr15	66285724	66288224	1.7899696296456298	0.0	0.8949848148228149	-7.491828754368965	1.0	Kcnq3	0.0055556492927987
chr7	31126445	31128945	1.7899696296456298	0.0	0.8949848148228149	-7.491828754368965	1.0	Scn1b	0.0055556492927987
chr14	46880854	46883354	1.7899696296456298	0.0	0.8949848148228149	-7.491828754368965	1.0	Samd4	0.0055556492927987
chr5	115427599	115430099	1.810081647956255	0.0	0.9050408239781276	-7.507859360231376	1.0	Msi1	0.0054942590137254
chr14	65261963	65264463	1.810081647956255	0.0	0.9050408239781276	-7.507859360231376	1.0	Fzd3	0.0054942590137254
chr8	70439079	70441579	1.810081647956255	0.0	0.9050408239781276	-7.507859360231376	1.0	Crtc1	0.0054942590137254
chr15	57692665	57695165	1.810081647956255	0.0	0.9050408239781276	-7.507859360231376	1.0	Zhx2	0.0054942590137254
chr10	121363090	121365590	1.810081647956255	0.0	0.9050408239781276	-7.507859360231376	1.0	Gns	0.0054942590137254
chr11	28583824	28586324	1.810081647956255	0.0	0.9050408239781276	-7.507859360231376	1.0	Ccdc85a	0.0054942590137254
chr11	35980027	35982527	1.810081647956255	0.0	0.9050408239781276	-7.507859360231376	1.0	Wwc1	0.0054942590137254
chr11	83407137	83409637	1.83019366626688	0.0	0.91509683313344	-7.523713796633031	1.0	Rasl10b	0.0054342106395173
chr1	162477534	162480034	1.83019366626688	0.0	0.91509683313344	-7.523713796633031	1.0	Dnm3	0.0054342106395173
chr1	44549511	44552011	1.83019366626688	0.0	0.91509683313344	-7.523713796633031	1.0	Gulp1	0.0054342106395173
chr11	116916863	116919363	1.850305684577505	0.0	0.9251528422887524	-7.539395893575133	1.0	Mgat5b	0.0053754606476252
chr17	37043966	37046466	1.850305684577505	0.0	0.9251528422887524	-7.539395893575133	1.0	Gabbr1	0.0053754606476252
chr4	56989891	56992391	1.850305684577505	0.0	0.9251528422887524	-7.539395893575133	1.0	Frrs1l	0.0053754606476252
chr5	92681435	92683935	1.850305684577505	0.0	0.9251528422887524	-7.539395893575133	1.0	Shroom3	0.0053754606476252
chr9	103761337	103763837	1.850305684577505	0.0	0.9251528422887524	-7.539395893575133	1.0	Tmem108	0.0053754606476252
chr11	77491562	77494062	1.87041770288813	0.0	0.935208851444065	-7.554909357501916	1.0	Git1	0.0053179673774826
chrX	152768965	152771465	1.87041770288813	0.0	0.935208851444065	-7.554909357501916	1.0	Shroom2	0.0053179673774826
chr19	46044714	46047214	1.87041770288813	0.0	0.935208851444065	-7.554909357501916	1.0	Pprc1	0.0053179673774826
chr11	4635747	4638247	1.87041770288813	0.0	0.935208851444065	-7.554909357501916	1.0	Ascc2	0.0053179673774826
chr7	16173090	16175590	1.87041770288813	0.0	0.935208851444065	-7.554909357501916	1.0	Meis3	0.0053179673774826
chr4	123181227	123183727	1.890529721198755	0.0	0.9452648605993776	-7.570257776558805	1.0	Hpcal4	0.0052616909319852
chr4	155774198	155776698	1.890529721198755	0.0	0.9452648605993776	-7.570257776558805	1.0	Gm26840	0.0052616909319852
chr2	168281236	168283736	1.890529721198755	0.0	0.9452648605993776	-7.570257776558805	1.0	Kcng1	0.0052616909319852
chr11	97150995	97153495	1.890529721198755	0.0	0.9452648605993776	-7.570257776558805	1.0	Tbkbp1	0.0052616909319852
chrX	52164752	52167252	1.890529721198755	0.0	0.9452648605993776	-7.570257776558805	1.0	Gpc4	0.0052616909319852
chr16	18426352	18428852	1.890529721198755	0.0	0.9452648605993776	-7.570257776558805	1.0	Comt	0.0052616909319852
chr5	132542844	132545344	1.890529721198755	0.0	0.9452648605993776	-7.570257776558805	1.0	Auts2	0.0052616909319852
chr13	97239105	97241605	1.890529721198755	0.0	0.9452648605993776	-7.570257776558805	1.0	Enc1	0.0052616909319852
chr17	24632129	24634629	1.890529721198755	0.0	0.9452648605993776	-7.570257776558805	1.0	Tsc2	0.0052616909319852
chr6	122817914	122820414	1.890529721198755	0.0	0.9452648605993776	-7.570257776558805	1.0	Foxj2	0.0052616909319852
chr18	57131090	57133590	1.890529721198755	0.0	0.9452648605993776	-7.570257776558805	1.0	Megf10	0.0052616909319852
chr16	35936470	35938970	1.890529721198755	0.0	0.9452648605993776	-7.570257776558805	1.0	Dtx3l	0.0052616909319852
chr4	141299240	141301740	1.890529721198755	0.0	0.9452648605993776	-7.570257776558805	1.0	Epha2	0.0052616909319852
chr11	64433332	64435832	1.91064173950938	0.0	0.95532086975469	-7.585444625573791	1.0	Hs3st3a1	0.0052065930851604
chr4	128961942	128964442	1.91064173950938	0.0	0.95532086975469	-7.585444625573791	1.0	Azin2	0.0052065930851604
chr5	36830153	36832653	1.91064173950938	0.0	0.95532086975469	-7.585444625573791	1.0	Man2b2	0.0052065930851604
chr8	45332716	45335216	1.91064173950938	0.0	0.95532086975469	-7.585444625573791	1.0	Cyp4v3	0.0052065930851604
chr17	25570186	25572686	1.91064173950938	0.0	0.95532086975469	-7.585444625573791	1.0	Sox8	0.0052065930851604
chr1	91492647	91495147	1.91064173950938	0.0	0.95532086975469	-7.585444625573791	1.0	Traf3ip1	0.0052065930851604
chr17	46545888	46548388	1.91064173950938	0.0	0.95532086975469	-7.585444625573791	1.0	Cul9	0.0052065930851604
chr4	43576715	43579215	1.91064173950938	0.0	0.95532086975469	-7.585444625573791	1.0	Rgp1	0.0052065930851604
chr16	4884100	4886600	1.91064173950938	0.0	0.95532086975469	-7.585444625573791	1.0	Mgrn1	0.0052065930851604
chr3	38887759	38890259	1.9307537578200047	0.0	0.9653768789100023	-7.600473270779349	1.0	Fat4	0.0051526371955774
chr8	69830491	69832991	1.9307537578200047	0.0	0.9653768789100023	-7.600473270779349	1.0	Pbx4	0.0051526371955774
chr18	89769028	89771528	1.9307537578200047	0.0	0.9653768789100023	-7.600473270779349	1.0	Dok6	0.0051526371955774
chr13	74637872	74640372	1.9307537578200047	0.0	0.9653768789100023	-7.600473270779349	1.0	Erap1	0.0051526371955774
chr16	34743210	34745710	1.9307537578200047	0.0	0.9653768789100023	-7.600473270779349	1.0	Mylk	0.0051526371955774
chr5	17572281	17574781	1.9307537578200047	0.0	0.9653768789100023	-7.600473270779349	1.0	Sema3c	0.0051526371955774
chr14	74947377	74949877	1.970977794441256	0.0	0.9854888972206278	-7.6300688983569795	1.0	Lrch1	0.0050480121625091
chr1	131825493	131827993	1.970977794441256	0.0	0.9854888972206278	-7.6300688983569795	1.0	Slc41a1	0.0050480121625091
chr14	21989101	21991601	1.970977794441256	0.0	0.9854888972206278	-7.6300688983569795	1.0	Zfp503	0.0050480121625091
chr3	101923953	101926453	1.970977794441256	0.0	0.9854888972206278	-7.6300688983569795	1.0	Slc22a15	0.0050480121625091
chr14	54577161	54579661	1.970977794441256	0.0	0.9854888972206278	-7.6300688983569795	1.0	Ajuba	0.0050480121625091
chr11	6475417	6477917	1.970977794441256	0.0	0.9854888972206278	-7.6300688983569795	1.0	Purb	0.0050480121625091
chr9	49798425	49800925	1.970977794441256	0.0	0.9854888972206278	-7.6300688983569795	1.0	Ncam1	0.0050480121625091
chr8	85034915	85037415	1.970977794441256	0.0	0.9854888972206278	-7.6300688983569795	1.0	Tnpo2	0.0050480121625091
chr5	140605320	140607820	1.970977794441256	0.0	0.9854888972206278	-7.6300688983569795	1.0	Lfng	0.0050480121625091
chrX	48339358	48341858	1.970977794441256	0.0	0.9854888972206278	-7.6300688983569795	1.0	Bcorl1	0.0050480121625091
chr7	75453534	75456034	1.970977794441256	0.0	0.9854888972206278	-7.6300688983569795	1.0	Akap13	0.0050480121625091
chr8	66858217	66860717	1.970977794441256	0.0	0.9854888972206278	-7.6300688983569795	1.0	Naf1	0.0050480121625091
chr7	123499949	123502449	1.970977794441256	0.0	0.9854888972206278	-7.6300688983569795	1.0	Zkscan2	0.0050480121625091
chr1	88701721	88704221	1.970977794441256	0.0	0.9854888972206278	-7.6300688983569795	1.0	Arl4c	0.0050480121625091
chr19	6044576	6047076	1.9910898127518804	0.0	0.9955449063759402	-7.644642109394177	1.0	Syvn1	0.0049972769519265
chr15	95528206	95530706	1.9910898127518804	0.0	0.9955449063759402	-7.644642109394177	1.0	Nell2	0.0049972769519265
chr6	121181667	121184167	1.9910898127518804	0.0	0.9955449063759402	-7.644642109394177	1.0	Pex26	0.0049972769519265
chr3	88530395	88532895	1.9910898127518804	0.0	0.9955449063759402	-7.644642109394177	1.0	Mex3a	0.0049972769519265
chr11	84878148	84880648	2.0112018310625053	0.0	1.0056009155312526	-7.659069581821062	1.0	Myo19	0.0049475514252543
chr4	53629471	53631971	2.0112018310625053	0.0	1.0056009155312526	-7.659069581821062	1.0	Fsd1l	0.0049475514252543
chr17	57087282	57089782	2.0112018310625053	0.0	1.0056009155312526	-7.659069581821062	1.0	Tubb4a	0.0049475514252543
chr12	111164370	111166870	2.0112018310625053	0.0	1.0056009155312526	-7.659069581821062	1.0	Traf3	0.0049475514252543
chr14	122983535	122986035	2.0112018310625053	0.0	1.0056009155312526	-7.659069581821062	1.0	Tmtc4	0.0049475514252543
chr10	43477140	43479640	2.0112018310625053	0.0	1.0056009155312526	-7.659069581821062	1.0	Bend3	0.0049475514252543
chr12	29936036	29938536	2.0112018310625053	0.0	1.0056009155312526	-7.659069581821062	1.0	Pxdn	0.0049475514252543
chr2	164484106	164486606	2.0112018310625053	0.0	1.0056009155312526	-7.659069581821062	1.0	Dbndd2	0.0049475514252543
chr17	25796636	25799136	2.0112018310625053	0.0	1.0056009155312526	-7.659069581821062	1.0	Metrn	0.0049475514252543
chr14	84441563	84444063	2.0112018310625053	0.0	1.0056009155312526	-7.659069581821062	1.0	Pcdh17	0.0049475514252543
chrX	48034353	48036853	2.0112018310625053	0.0	1.0056009155312526	-7.659069581821062	1.0	Apln	0.0049475514252543
chr9	95749875	95752375	2.0313138493731304	0.0	1.0156569246865652	-7.673354201701731	1.0	Trpc1	0.0048988057387995
chr11	51857153	51859653	2.0313138493731304	0.0	1.0156569246865652	-7.673354201701731	1.0	Jade2	0.0048988057387995
chr9	62026356	62028856	2.0313138493731304	0.0	1.0156569246865652	-7.673354201701731	1.0	Paqr5	0.0048988057387995
chr2	92024002	92026502	2.0313138493731304	0.0	1.0156569246865652	-7.673354201701731	1.0	Creb3l1	0.0048988057387995
chr11	120726781	120729281	2.051425867683756	0.0	1.025712933841878	-7.687498770210963	1.0	Dcxr	0.0048510112135325
chr13	34344682	34347182	2.051425867683756	0.0	1.025712933841878	-7.687498770210963	1.0	Slc22a23	0.0048510112135325
chr16	85173207	85175707	2.051425867683756	0.0	1.025712933841878	-7.687498770210963	1.0	App	0.0048510112135325
chr7	74554280	74556780	2.051425867683756	0.0	1.025712933841878	-7.687498770210963	1.0	Slco3a1	0.0048510112135325
chr12	111377218	111379718	2.051425867683756	0.0	1.025712933841878	-7.687498770210963	1.0	Cdc42bpb	0.0048510112135325
chr7	126884203	126886703	2.051425867683756	0.0	1.025712933841878	-7.687498770210963	1.0	Taok2	0.0048510112135325
chr2	31243823	31246323	2.0715378859943807	0.0	1.0357689429971904	-7.701506006931114	1.0	Ncs1	0.0048041402788221
chrX	77795778	77798278	2.0715378859943807	0.0	1.0357689429971904	-7.701506006931114	1.0	Prkx	0.0048041402788221
chr10	127195228	127197728	2.0715378859943807	0.0	1.0357689429971904	-7.701506006931114	1.0	Dtx3	0.0048041402788221
chr17	56717199	56719699	2.0715378859943807	0.0	1.0357689429971904	-7.701506006931114	1.0	Vmac	0.0048041402788221
chr7	141947751	141950251	2.091649904305006	0.0	1.045824952152503	-7.715378552990498	1.0	Brsk2	0.0047581664194003
chr11	95335018	95337518	2.091649904305006	0.0	1.045824952152503	-7.715378552990498	1.0	Fam117a	0.0047581664194003
chr8	94530990	94533490	2.091649904305006	0.0	1.045824952152503	-7.715378552990498	1.0	Cpne2	0.0047581664194003
chr9	65030458	65032958	2.091649904305006	0.0	1.045824952152503	-7.715378552990498	1.0	Dpp8	0.0047581664194003
chr16	32641874	32644374	2.091649904305006	0.0	1.045824952152503	-7.715378552990498	1.0	Tnk2	0.0047581664194003
chr7	109082831	109085331	2.091649904305006	0.0	1.045824952152503	-7.715378552990498	1.0	Ric3	0.0047581664194003
chr10	14544679	14547179	2.091649904305006	0.0	1.045824952152503	-7.715378552990498	1.0	Adgrg6	0.0047581664194003
chr14	54252188	54254688	2.091649904305006	0.0	1.045824952152503	-7.715378552990498	1.0	Abhd4	0.0047581664194003
chr3	158561721	158564221	2.091649904305006	0.0	1.045824952152503	-7.715378552990498	1.0	Lrrc7	0.0047581664194003
chr11	98399990	98402490	2.091649904305006	0.0	1.045824952152503	-7.715378552990498	1.0	Pgap3	0.0047581664194003
chr2	26380153	26382653	2.091649904305006	0.0	1.045824952152503	-7.715378552990498	1.0	Gm13563	0.0047581664194003
chr9	40267216	40269716	2.091649904305006	0.0	1.045824952152503	-7.715378552990498	1.0	Scn3b	0.0047581664194003
chr2	129798517	129801017	2.1117619226156306	0.0	1.0558809613078153	-7.729118974052301	1.0	Stk35	0.0047130641253436
chr16	16868736	16871236	2.1117619226156306	0.0	1.0558809613078153	-7.729118974052301	1.0	Top3b	0.0047130641253436
chr18	38211553	38214053	2.1117619226156306	0.0	1.0558809613078153	-7.729118974052301	1.0	Pcdh1	0.0047130641253436
chr11	55202350	55204850	2.131873940926256	0.0	1.065936970463128	-7.742729763162505	1.0	Slc36a1	0.0046688088448732
chr14	78847178	78849678	2.131873940926256	0.0	1.065936970463128	-7.742729763162505	1.0	Vwa8	0.0046688088448732
chr6	121243906	121246406	2.131873940926256	0.0	1.065936970463128	-7.742729763162505	1.0	Usp18	0.0046688088448732
chrX	151342175	151344675	2.131873940926256	0.0	1.065936970463128	-7.742729763162505	1.0	Fam120c	0.0046688088448732
chr7	126270619	126273119	2.131873940926256	0.0	1.065936970463128	-7.742729763162505	1.0	Sbk1	0.0046688088448732
chr2	126151504	126154004	2.131873940926256	0.0	1.065936970463128	-7.742729763162505	1.0	Fam227b	0.0046688088448732
chr10	52688533	52691033	2.151985959236881	0.0	1.0759929796184404	-7.756213343464726	1.0	Slc35f1	0.0046253769397881
chr11	97699997	97702497	2.151985959236881	0.0	1.0759929796184404	-7.756213343464726	1.0	Pcgf2	0.0046253769397881
chr18	79108891	79111391	2.151985959236881	0.0	1.0759929796184404	-7.756213343464726	1.0	Setbp1	0.0046253769397881
chr16	23222740	23225240	2.172097977547506	0.0	1.086048988773753	-7.769572070789346	1.0	St6gal1	0.0045827456433643
chr2	25704739	25707239	2.172097977547506	0.0	1.086048988773753	-7.769572070789346	1.0	Bmyc	0.0045827456433643
chr3	89394276	89396776	2.172097977547506	0.0	1.086048988773753	-7.769572070789346	1.0	Gm15417	0.0045827456433643
chr10	110455704	110458204	2.172097977547506	0.0	1.086048988773753	-7.769572070789346	1.0	Nav3	0.0045827456433643
chr14	73325322	73327822	2.172097977547506	0.0	1.086048988773753	-7.769572070789346	1.0	Rb1	0.0045827456433643
chr12	102704430	102706930	2.172097977547506	0.0	1.086048988773753	-7.769572070789346	1.0	Itpk1	0.0045827456433643
chr1	71652700	71655200	2.192209995858131	0.0	1.0961049979290656	-7.78280823612388	1.0	Fn1	0.0045408930205601
chr9	99627496	99629996	2.192209995858131	0.0	1.0961049979290656	-7.78280823612388	1.0	Dzip1l	0.0045408930205601
chr4	137991022	137993522	2.192209995858131	0.0	1.0961049979290656	-7.78280823612388	1.0	Eif4g3	0.0045408930205601
chr9	112235438	112237938	2.192209995858131	0.0	1.0961049979290656	-7.78280823612388	1.0	Arpp21	0.0045408930205601
chr3	95656788	95659288	2.192209995858131	0.0	1.0961049979290656	-7.78280823612388	1.0	Mcl1	0.0045408930205601
chr1	135144824	135147324	2.212322014168756	0.0	1.106161007084378	-7.795924067971034	1.0	Arl8a	0.0044997979303824
chr16	97922133	97924633	2.212322014168756	0.0	1.106161007084378	-7.795924067971034	1.0	C2cd2	0.0044997979303824
chr9	50775020	50777520	2.212322014168756	0.0	1.106161007084378	-7.795924067971034	1.0	1110032A03Rik	0.0044997979303824
chr2	181592303	181594803	2.212322014168756	0.0	1.106161007084378	-7.795924067971034	1.0	Zfp512b	0.0044997979303824
chr5	29193992	29196492	2.212322014168756	0.0	1.106161007084378	-7.795924067971034	1.0	Rnf32	0.0044997979303824
chr11	119353557	119356057	2.212322014168756	0.0	1.106161007084378	-7.795924067971034	1.0	Sgsh	0.0044997979303824
chr4	49845244	49847744	2.212322014168756	0.0	1.106161007084378	-7.795924067971034	1.0	Grin3a	0.0044997979303824
chr11	108918349	108920849	2.212322014168756	0.0	1.106161007084378	-7.795924067971034	1.0	Axin2	0.0044997979303824
chr11	7213423	7215923	2.212322014168756	0.0	1.106161007084378	-7.795924067971034	1.0	Igfbp3	0.0044997979303824
chr11	74896560	74899060	2.212322014168756	0.0	1.106161007084378	-7.795924067971034	1.0	Sgsm2	0.0044997979303824
chr18	24707445	24709945	2.212322014168756	0.0	1.106161007084378	-7.795924067971034	1.0	Fhod3	0.0044997979303824
chr13	73761697	73764197	2.232434032479381	0.0	1.1162170162396905	-7.808921734600552	1.0	Slc12a7	0.0044594399902784
chr9	98032681	98035181	2.232434032479381	0.0	1.1162170162396905	-7.808921734600552	1.0	Clstn2	0.0044594399902784
chr6	12748910	12751410	2.232434032479381	0.0	1.1162170162396905	-7.808921734600552	1.0	Thsd7a	0.0044594399902784
chr4	133009260	133011760	2.232434032479381	0.0	1.1162170162396905	-7.808921734600552	1.0	Ahdc1	0.0044594399902784
chr5	34287949	34290449	2.252546050790006	0.0	1.126273025395003	-7.821803346200512	1.0	Zfyve28	0.0044197995424262
chr11	3893240	3895740	2.252546050790006	0.0	1.126273025395003	-7.821803346200512	1.0	Dusp18	0.0044197995424262
chr13	74807421	74809921	2.252546050790006	0.0	1.126273025395003	-7.821803346200512	1.0	Cast	0.0044197995424262
chr6	125093981	125096481	2.252546050790006	0.0	1.126273025395003	-7.821803346200512	1.0	Chd4	0.0044197995424262
chr19	4397785	4400285	2.252546050790006	0.0	1.126273025395003	-7.821803346200512	1.0	Kdm2a	0.0044197995424262
chr18	80712571	80715071	2.252546050790006	0.0	1.126273025395003	-7.821803346200512	1.0	Nfatc1	0.0044197995424262
chr3	83125948	83128448	2.252546050790006	0.0	1.126273025395003	-7.821803346200512	1.0	Dchs2	0.0044197995424262
chr3	58412715	58415215	2.252546050790006	0.0	1.126273025395003	-7.821803346200512	1.0	Tsc22d2	0.0044197995424262
chr3	148990055	148992555	2.252546050790006	0.0	1.126273025395003	-7.821803346200512	1.0	Gm43573	0.0044197995424262
chr11	102229666	102232166	2.252546050790006	0.0	1.126273025395003	-7.821803346200512	1.0	Hdac5	0.0044197995424262
chr15	78945724	78948224	2.252546050790006	0.0	1.126273025395003	-7.821803346200512	1.0	Triobp	0.0044197995424262
chr3	130061053	130063553	2.252546050790006	0.0	1.126273025395003	-7.821803346200512	1.0	Sec24b	0.0044197995424262
chr8	87959095	87961595	2.272658069100632	0.0	1.136329034550316	-7.834570956933439	1.0	Zfp423	0.0043808576218075
chr10	60104219	60106719	2.272658069100632	0.0	1.136329034550316	-7.834570956933439	1.0	Spock2	0.0043808576218075
chr6	141247269	141249769	2.272658069100632	0.0	1.136329034550316	-7.834570956933439	1.0	Pde3a	0.0043808576218075
chr19	28833049	28835549	2.272658069100632	0.0	1.136329034550316	-7.834570956933439	1.0	Slc1a1	0.0043808576218075
chr1	119421748	119424248	2.272658069100632	0.0	1.136329034550316	-7.834570956933439	1.0	Inhbb	0.0043808576218075
chr2	104711669	104714169	2.2927700874112564	0.0	1.1463850437056282	-7.847226566902223	1.0	Tcp11l1	0.0043425959259536
chr9	103109787	103112287	2.2927700874112564	0.0	1.1463850437056282	-7.847226566902223	1.0	Rab6b	0.0043425959259536
chr3	96694384	96696884	2.2927700874112564	0.0	1.1463850437056282	-7.847226566902223	1.0	Pias3	0.0043425959259536
chr2	91236482	91238982	2.2927700874112564	0.0	1.1463850437056282	-7.847226566902223	1.0	Ddb2	0.0043425959259536
chr19	10304377	10306877	2.2927700874112564	0.0	1.1463850437056282	-7.847226566902223	1.0	Dagla	0.0043425959259536
chr8	70352773	70355273	2.2927700874112564	0.0	1.1463850437056282	-7.847226566902223	1.0	Upf1	0.0043425959259536
chr17	42313947	42316447	2.2927700874112564	0.0	1.1463850437056282	-7.847226566902223	1.0	Ptchd4	0.0043425959259536
chr13	55103311	55105811	2.2927700874112564	0.0	1.1463850437056282	-7.847226566902223	1.0	Zfp346	0.0043425959259536
chr15	76244807	76247307	2.2927700874112564	0.0	1.1463850437056282	-7.847226566902223	1.0	Grina	0.0043425959259536
chr11	100711965	100714465	2.2927700874112564	0.0	1.1463850437056282	-7.847226566902223	1.0	Kat2a	0.0043425959259536
chr15	79804266	79806766	2.2927700874112564	0.0	1.1463850437056282	-7.847226566902223	1.0	Nptxr	0.0043425959259536
chr5	138996870	138999370	2.2927700874112564	0.0	1.1463850437056282	-7.847226566902223	1.0	6330403L08Rik	0.0043425959259536
chr1	162740056	162742556	2.2927700874112564	0.0	1.1463850437056282	-7.847226566902223	1.0	Prrc2c	0.0043425959259536
chr2	129590835	129593335	2.312882105721881	0.0	1.1564410528609406	-7.859772124030558	1.0	Sirpa	0.0043049967862627
chr13	74007407	74009907	2.312882105721881	0.0	1.1564410528609406	-7.859772124030558	1.0	Tppp	0.0043049967862627
chr4	33922593	33925093	2.312882105721881	0.0	1.1564410528609406	-7.859772124030558	1.0	Cnr1	0.0043049967862627
chr12	84994321	84996821	2.3329941240325063	0.0	1.1664970620162531	-7.872209525862331	1.0	Ylpm1	0.004268043140795
chr8	119990438	119992938	2.3329941240325063	0.0	1.1664970620162531	-7.872209525862331	1.0	Crispld2	0.004268043140795
chr6	22873502	22876002	2.3329941240325063	0.0	1.1664970620162531	-7.872209525862331	1.0	Ptprz1	0.004268043140795
chr10	79714634	79717134	2.3329941240325063	0.0	1.1664970620162531	-7.872209525862331	1.0	Hcn2	0.004268043140795
chr10	10557733	10560233	2.3329941240325063	0.0	1.1664970620162531	-7.872209525862331	1.0	Rab32	0.004268043140795
chr3	89764132	89766632	2.3329941240325063	0.0	1.1664970620162531	-7.872209525862331	1.0	Chrnb2	0.004268043140795
chr11	76621814	76624314	2.3329941240325063	0.0	1.1664970620162531	-7.872209525862331	1.0	Abr	0.004268043140795
chr8	69806679	69809179	2.3329941240325063	0.0	1.1664970620162531	-7.872209525862331	1.0	Atp13a1	0.004268043140795
chr11	4159793	4162293	2.3329941240325063	0.0	1.1664970620162531	-7.872209525862331	1.0	Ccdc157	0.004268043140795
chr6	85069013	85071513	2.3329941240325063	0.0	1.1664970620162531	-7.872209525862331	1.0	Exoc6b	0.004268043140795
chr15	62035986	62038486	2.3329941240325063	0.0	1.1664970620162531	-7.872209525862331	1.0	Pvt1	0.004268043140795
chr2	132144608	132147108	2.3329941240325063	0.0	1.1664970620162531	-7.872209525862331	1.0	Slc23a2	0.004268043140795
chr2	33370986	33373486	2.3329941240325063	0.0	1.1664970620162531	-7.872209525862331	1.0	Ralgps1	0.004268043140795
chr13	6648277	6650777	2.3329941240325063	0.0	1.1664970620162531	-7.872209525862331	1.0	Pfkp	0.004268043140795
chr4	116463683	116466183	2.3329941240325063	0.0	1.1664970620162531	-7.872209525862331	1.0	Mast2	0.004268043140795
chr11	60222081	60224581	2.3531061423431314	0.0	1.1765530711715655	-7.884540621284098	1.0	Srebf1	0.0042317185084562
chr14	70599335	70601835	2.3531061423431314	0.0	1.1765530711715655	-7.884540621284098	1.0	Fam160b2	0.0042317185084562
chr2	30235715	30238215	2.373218160653757	0.0	1.1866090803268785	-7.896767212174574	1.0	Lrrc8a	0.004196006964489
chr12	102946859	102949359	2.373218160653757	0.0	1.1866090803268785	-7.896767212174574	1.0	Unc79	0.004196006964489
chr3	89322465	89324965	2.373218160653757	0.0	1.1866090803268785	-7.896767212174574	1.0	Efna3	0.004196006964489
chr12	80516990	80519490	2.373218160653757	0.0	1.1866090803268785	-7.896767212174574	1.0	Galnt16	0.004196006964489
chr19	8928856	8931356	2.373218160653757	0.0	1.1866090803268785	-7.896767212174574	1.0	Rom1	0.004196006964489
chr1	133423877	133426377	2.373218160653757	0.0	1.1866090803268785	-7.896767212174574	1.0	Sox13	0.004196006964489
chr11	71033013	71035513	2.373218160653757	0.0	1.1866090803268785	-7.896767212174574	1.0	6330403K07Rik	0.004196006964489
chr2	167492387	167494887	2.373218160653757	0.0	1.1866090803268785	-7.896767212174574	1.0	Spata2	0.004196006964489
chr4	117133463	117135963	2.373218160653757	0.0	1.1866090803268785	-7.896767212174574	1.0	Plk3	0.004196006964489
chr4	152151871	152154371	2.373218160653757	0.0	1.1866090803268785	-7.896767212174574	1.0	Espn	0.004196006964489
chr7	19628938	19631438	2.373218160653757	0.0	1.1866090803268785	-7.896767212174574	1.0	Relb	0.004196006964489
chr12	21109748	21112248	2.3933301789643817	0.0	1.1966650894821909	-7.908891054984813	1.0	Asap2	0.004160893117195
chr4	129982870	129985370	2.3933301789643817	0.0	1.1966650894821909	-7.908891054984813	1.0	Adgrb2	0.004160893117195
chr14	51982719	51985219	2.3933301789643817	0.0	1.1966650894821909	-7.908891054984813	1.0	Arhgef40	0.004160893117195
chr1	74599445	74601945	2.3933301789643817	0.0	1.1966650894821909	-7.908891054984813	1.0	Stk36	0.004160893117195
chr2	54085052	54087552	2.3933301789643817	0.0	1.1966650894821909	-7.908891054984813	1.0	Rprm	0.004160893117195
chr11	93096028	93098528	2.3933301789643817	0.0	1.1966650894821909	-7.908891054984813	1.0	Car10	0.004160893117195
chr9	64383626	64386126	2.4134421972750064	0.0	1.2067210986375032	-7.920913862252547	1.0	Megf11	0.004126362085815
chr8	13905803	13908303	2.4134421972750064	0.0	1.2067210986375032	-7.920913862252547	1.0	Fbxo25	0.004126362085815
chr17	30482661	30485161	2.4134421972750064	0.0	1.2067210986375032	-7.920913862252547	1.0	Btbd9	0.004126362085815
chr10	81430505	81433005	2.4134421972750064	0.0	1.2067210986375032	-7.920913862252547	1.0	Nfic	0.004126362085815
chr2	28190992	28193492	2.4134421972750064	0.0	1.2067210986375032	-7.920913862252547	1.0	Olfm1	0.004126362085815
chr3	105450330	105452830	2.4134421972750064	0.0	1.2067210986375032	-7.920913862252547	1.0	Kcnd3os	0.004126362085815
chr15	59081526	59084026	2.4134421972750064	0.0	1.2067210986375032	-7.920913862252547	1.0	Mtss1	0.004126362085815
chr11	105180933	105183433	2.4134421972750064	0.0	1.2067210986375032	-7.920913862252547	1.0	1700052K11Rik	0.004126362085815
chrX	98890525	98893025	2.4134421972750064	0.0	1.2067210986375032	-7.920913862252547	1.0	Ophn1	0.004126362085815
chrX	20920504	20923004	2.4134421972750064	0.0	1.2067210986375032	-7.920913862252547	1.0	Syn1	0.004126362085815
chr9	110653661	110656161	2.433554215585632	0.0	1.216777107792816	-7.932837304053939	1.0	Nbeal2	0.0040923994795029
chr16	20691282	20693782	2.433554215585632	0.0	1.216777107792816	-7.932837304053939	1.0	Fam131a	0.0040923994795029
chr12	24972932	24975432	2.4536662338962567	0.0	1.2268331169481284	-7.944663009395831	1.0	Kidins220	0.0040589913773283
chr4	122993652	122996152	2.4536662338962567	0.0	1.2268331169481284	-7.944663009395831	1.0	Mycl	0.0040589913773283
chr8	94770009	94772509	2.4536662338962567	0.0	1.2268331169481284	-7.944663009395831	1.0	Cx3cl1	0.0040589913773283
chr10	7587800	7590300	2.4536662338962567	0.0	1.2268331169481284	-7.944663009395831	1.0	Lrp11	0.0040589913773283
chr19	8835467	8837967	2.473778252206882	0.0	1.236889126103441	-7.956392567551411	1.0	Bscl2	0.0040261243092513
chr9	90270304	90272804	2.473778252206882	0.0	1.236889126103441	-7.956392567551411	1.0	Tbc1d2b	0.0040261243092513
chr8	115707294	115709794	2.473778252206882	0.0	1.236889126103441	-7.956392567551411	1.0	Maf	0.0040261243092513
chr14	54462164	54464664	2.473778252206882	0.0	1.236889126103441	-7.956392567551411	1.0	Lrp10	0.0040261243092513
chr1	134234931	134237431	2.473778252206882	0.0	1.236889126103441	-7.956392567551411	1.0	Adora1	0.0040261243092513
chr9	21852135	21854635	2.473778252206882	0.0	1.236889126103441	-7.956392567551411	1.0	Dock6	0.0040261243092513
chr16	17405814	17408314	2.473778252206882	0.0	1.236889126103441	-7.956392567551411	1.0	Pi4ka	0.0040261243092513
chr11	69763912	69766412	2.473778252206882	0.0	1.236889126103441	-7.956392567551411	1.0	Zbtb4	0.0040261243092513
chr5	102069421	102071921	2.473778252206882	0.0	1.236889126103441	-7.956392567551411	1.0	Wdfy3	0.0040261243092513
chr5	57715967	57718467	2.4938902705175066	0.0	1.2469451352587533	-7.968027529341999	1.0	Pcdh7	0.0039937852380141
chr8	122566015	122568515	2.4938902705175066	0.0	1.2469451352587533	-7.968027529341999	1.0	Cdt1	0.0039937852380141
chr18	34775008	34777508	2.4938902705175066	0.0	1.2469451352587533	-7.968027529341999	1.0	Kdm3b	0.0039937852380141
chr4	11154431	11156931	2.4938902705175066	0.0	1.2469451352587533	-7.968027529341999	1.0	Trp53inp1	0.0039937852380141
chr14	27620428	27622928	2.4938902705175066	0.0	1.2469451352587533	-7.968027529341999	1.0	Erc2	0.0039937852380141
chr10	81014445	81016945	2.4938902705175066	0.0	1.2469451352587533	-7.968027529341999	1.0	Gng7	0.0039937852380141
chr10	117710258	117712758	2.4938902705175066	0.0	1.2469451352587533	-7.968027529341999	1.0	Mdm2	0.0039937852380141
chr11	114763388	114765888	2.4938902705175066	0.0	1.2469451352587533	-7.968027529341999	1.0	Kif19a	0.0039937852380141
chr2	31468207	31470707	2.4938902705175066	0.0	1.2469451352587533	-7.968027529341999	1.0	Ass1	0.0039937852380141
chr11	105587986	105590486	2.4938902705175066	0.0	1.2469451352587533	-7.968027529341999	1.0	Tanc2	0.0039937852380141
chr2	121270907	121273407	2.4938902705175066	0.0	1.2469451352587533	-7.968027529341999	1.0	Trp53bp1	0.0039937852380141
chr4	119415021	119417521	2.514002288828132	0.0	1.257001144414066	-7.9795694083675714	1.0	Ccdc30	0.0039619615418981
chr11	102088015	102090515	2.514002288828132	0.0	1.257001144414066	-7.9795694083675714	1.0	Mpp2	0.0039619615418981
chr4	133367706	133370206	2.534114307138757	0.0	1.2670571535693784	-7.991019682188445	1.0	Slc9a1	0.0039306409982995
chr9	109093389	109095889	2.534114307138757	0.0	1.2670571535693784	-7.991019682188445	1.0	Plxnb1	0.0039306409982995
chr13	54749374	54751874	2.534114307138757	0.0	1.2670571535693784	-7.991019682188445	1.0	Gprin1	0.0039306409982995
chr13	76382535	76385035	2.534114307138757	0.0	1.2670571535693784	-7.991019682188445	1.0	Mctp1	0.0039306409982995
chr10	61452169	61454669	2.534114307138757	0.0	1.2670571535693784	-7.991019682188445	1.0	Eif4ebp2	0.0039306409982995
chr9	30425329	30427829	2.534114307138757	0.0	1.2670571535693784	-7.991019682188445	1.0	Snx19	0.0039306409982995
chr1	75544266	75546766	2.534114307138757	0.0	1.2670571535693784	-7.991019682188445	1.0	Slc4a3	0.0039306409982995
chr4	46649709	46652209	2.534114307138757	0.0	1.2670571535693784	-7.991019682188445	1.0	Tbc1d2	0.0039306409982995
chr4	65602986	65605486	2.534114307138757	0.0	1.2670571535693784	-7.991019682188445	1.0	Astn2	0.0039306409982995
chr15	99668718	99671218	2.534114307138757	0.0	1.2670571535693784	-7.991019682188445	1.0	Asic1	0.0039306409982995
chr2	137116144	137118644	2.554226325449382	0.0	1.277113162724691	-8.002379793460445	1.0	Jag1	0.0038998117680768
chr16	38712774	38715274	2.554226325449382	0.0	1.277113162724691	-8.002379793460445	1.0	Arhgap31	0.0038998117680768
chr4	139092493	139094993	2.554226325449382	0.0	1.277113162724691	-8.002379793460445	1.0	Nbl1	0.0038998117680768
chr12	100907698	100910198	2.574338343760007	0.0	1.2871691718800036	-8.013651151025716	1.0	Gpr68	0.0038694623806303
chr1	74123949	74126449	2.574338343760007	0.0	1.2871691718800036	-8.013651151025716	1.0	Tns1	0.0038694623806303
chr10	13964075	13966575	2.574338343760007	0.0	1.2871691718800036	-8.013651151025716	1.0	Hivep2	0.0038694623806303
chr18	64338364	64340864	2.574338343760007	0.0	1.2871691718800036	-8.013651151025716	1.0	Onecut2	0.0038694623806303
chr16	45408553	45411053	2.574338343760007	0.0	1.2871691718800036	-8.013651151025716	1.0	Cd200	0.0038694623806303
chr2	42653124	42655624	2.574338343760007	0.0	1.2871691718800036	-8.013651151025716	1.0	Lrp1b	0.0038694623806303
chr17	47924145	47926645	2.574338343760007	0.0	1.2871691718800036	-8.013651151025716	1.0	Foxp4	0.0038694623806303
chr3	141463216	141465716	2.574338343760007	0.0	1.2871691718800036	-8.013651151025716	1.0	Unc5c	0.0038694623806303
chr7	28597644	28600144	2.574338343760007	0.0	1.2871691718800036	-8.013651151025716	1.0	Samd4b	0.0038694623806303
chr6	86026681	86029181	2.574338343760007	0.0	1.2871691718800036	-8.013651151025716	1.0	Add2	0.0038694623806303
chr17	32284222	32286722	2.574338343760007	0.0	1.2871691718800036	-8.013651151025716	1.0	Brd4	0.0038694623806303
chr16	18234636	18237136	2.574338343760007	0.0	1.2871691718800036	-8.013651151025716	1.0	Zdhhc8	0.0038694623806303
chr7	56016979	56019479	2.594450362070632	0.0	1.297225181035316	-8.024835130961263	1.0	Gm44510	0.0038395817196721
chr6	92705655	92708155	2.594450362070632	0.0	1.297225181035316	-8.024835130961263	1.0	Prickle2	0.0038395817196721
chr2	32874114	32876614	2.594450362070632	0.0	1.297225181035316	-8.024835130961263	1.0	Fam129b	0.0038395817196721
chr17	86165785	86168285	2.614562380381257	0.0	1.3072811901906285	-8.03593307758715	1.0	Prkce	0.0038101590096507
chr2	156611705	156614205	2.614562380381257	0.0	1.3072811901906285	-8.03593307758715	1.0	Dlgap4	0.0038101590096507
chr18	20745904	20748404	2.614562380381257	0.0	1.3072811901906285	-8.03593307758715	1.0	B4galt6	0.0038101590096507
chr4	119106711	119109211	2.614562380381257	0.0	1.3072811901906285	-8.03593307758715	1.0	Slc2a1	0.0038101590096507
chr10	79968715	79971215	2.614562380381257	0.0	1.3072811901906285	-8.03593307758715	1.0	Grin3b	0.0038101590096507
chr12	35534538	35537038	2.614562380381257	0.0	1.3072811901906285	-8.03593307758715	1.0	Ahr	0.0038101590096507
chr2	31972436	31974936	2.614562380381257	0.0	1.3072811901906285	-8.03593307758715	1.0	Nup214	0.0038101590096507
chr11	99039244	99041744	2.614562380381257	0.0	1.3072811901906285	-8.03593307758715	1.0	Igfbp4	0.0038101590096507
chr17	35516324	35518824	2.614562380381257	0.0	1.3072811901906285	-8.03593307758715	1.0	Tcf19	0.0038101590096507
chr3	53656855	53659355	2.634674398691882	0.0	1.317337199345941	-8.046946304436231	1.0	Frem2	0.0037811838027948
chr15	98762714	98765214	2.634674398691882	0.0	1.317337199345941	-8.046946304436231	1.0	Arf3	0.0037811838027948
chr16	35938651	35941151	2.654786417002508	0.0	1.327393208501254	-8.057876095187128	1.0	Parp9	0.0037526459667445
chr5	125178719	125181219	2.654786417002508	0.0	1.327393208501254	-8.057876095187128	1.0	Ncor2	0.0037526459667445
chr9	3530354	3532854	2.654786417002508	0.0	1.327393208501254	-8.057876095187128	1.0	Gucy1a2	0.0037526459667445
chr3	53461666	53464166	2.654786417002508	0.0	1.327393208501254	-8.057876095187128	1.0	Proser1	0.0037526459667445
chr8	84147436	84149936	2.654786417002508	0.0	1.327393208501254	-8.057876095187128	1.0	Cc2d1a	0.0037526459667445
chr10	32889962	32892462	2.654786417002508	0.0	1.327393208501254	-8.057876095187128	1.0	Nkain2	0.0037526459667445
chr7	19357749	19360249	2.654786417002508	0.0	1.327393208501254	-8.057876095187128	1.0	Ppp1r13l	0.0037526459667445
chr2	38509643	38512143	2.654786417002508	0.0	1.327393208501254	-8.057876095187128	1.0	Nek6	0.0037526459667445
chr6	90809623	90812123	2.654786417002508	0.0	1.327393208501254	-8.057876095187128	1.0	Iqsec1	0.0037526459667445
chr1	166252139	166254639	2.654786417002508	0.0	1.327393208501254	-8.057876095187128	1.0	Ildr2	0.0037526459667445
chr7	30362272	30364772	2.6748984353131324	0.0	1.3374492176565662	-8.068723704562151	1.0	Lrfn3	0.0037245356727371
chr9	57262099	57264599	2.6748984353131324	0.0	1.3374492176565662	-8.068723704562151	1.0	1700017B05Rik	0.0037245356727371
chr5	112228895	112231395	2.6748984353131324	0.0	1.3374492176565662	-8.068723704562151	1.0	Miat	0.0037245356727371
chr7	28177469	28179969	2.695010453623757	0.0	1.3475052268118786	-8.0794903591917	1.0	Dyrk1b	0.0036968433843216
chrX	73671150	73673650	2.695010453623757	0.0	1.3475052268118786	-8.0794903591917	1.0	Slc6a8	0.0036968433843216
chr8	71674296	71676796	2.695010453623757	0.0	1.3475052268118786	-8.0794903591917	1.0	Jak3	0.0036968433843216
chr6	72788754	72791254	2.695010453623757	0.0	1.3475052268118786	-8.0794903591917	1.0	Tcf7l1	0.0036968433843216
chr10	99106159	99108659	2.695010453623757	0.0	1.3475052268118786	-8.0794903591917	1.0	Galnt4	0.0036968433843216
chr8	75091591	75094091	2.695010453623757	0.0	1.3475052268118786	-8.0794903591917	1.0	Hmox1	0.0036968433843216
chr11	69086490	69088990	2.695010453623757	0.0	1.3475052268118786	-8.0794903591917	1.0	Vamp2	0.0036968433843216
chr5	29377890	29380390	2.7151224719343823	0.0	1.3575612359671911	-8.090177258446653	1.0	Lmbr1	0.0036695598465714
chr4	135352821	135355321	2.7352344902450074	0.0	1.3676172451225037	-8.10078557524016	1.0	Srrm1	0.0036426760757721
chr2	90580147	90582647	2.7352344902450074	0.0	1.3676172451225037	-8.10078557524016	1.0	Ptprj	0.0036426760757721
chr4	43379979	43382479	2.7352344902450074	0.0	1.3676172451225037	-8.10078557524016	1.0	Rusc2	0.0036426760757721
chr5	122049602	122052102	2.7352344902450074	0.0	1.3676172451225037	-8.10078557524016	1.0	Cux2	0.0036426760757721
chr5	120503125	120505625	2.7352344902450074	0.0	1.3676172451225037	-8.10078557524016	1.0	Plbd2	0.0036426760757721
chr11	98022534	98025034	2.7352344902450074	0.0	1.3676172451225037	-8.10078557524016	1.0	Cacnb1	0.0036426760757721
chr19	55098951	55101451	2.755346508555633	0.0	1.3776732542778165	-8.111316456800148	1.0	Gpam	0.003616183349559
chr11	32345820	32348320	2.755346508555633	0.0	1.3776732542778165	-8.111316456800148	1.0	Sh3pxd2b	0.003616183349559
chr7	143050739	143053239	2.755346508555633	0.0	1.3776732542778165	-8.111316456800148	1.0	R74862	0.003616183349559
chr2	154407599	154410099	2.755346508555633	0.0	1.3776732542778165	-8.111316456800148	1.0	Snta1	0.003616183349559
chr15	55906449	55908949	2.7754585268662577	0.0	1.3877292634331289	-8.12177102541387	1.0	Sntb1	0.0035900731974819
chr3	90263185	90265685	2.7754585268662577	0.0	1.3877292634331289	-8.12177102541387	1.0	Crtc2	0.0035900731974819
chr8	68061786	68064286	2.7754585268662577	0.0	1.3877292634331289	-8.12177102541387	1.0	Psd3	0.0035900731974819
chr7	46031698	46034198	2.7754585268662577	0.0	1.3877292634331289	-8.12177102541387	1.0	Nomo1	0.0035900731974819
chr5	110877803	110880303	2.7754585268662577	0.0	1.3877292634331289	-8.12177102541387	1.0	Ttc28	0.0035900731974819
chr10	89871509	89874009	2.7754585268662577	0.0	1.3877292634331289	-8.12177102541387	1.0	Anks1b	0.0035900731974819
chr4	124861671	124864171	2.7754585268662577	0.0	1.3877292634331289	-8.12177102541387	1.0	Maneal	0.0035900731974819
chr7	126502937	126505437	2.7754585268662577	0.0	1.3877292634331289	-8.12177102541387	1.0	Atxn2l	0.0035900731974819
chr4	63495491	63497991	2.7754585268662577	0.0	1.3877292634331289	-8.12177102541387	1.0	Whrn	0.0035900731974819
chr7	35214998	35217498	2.7754585268662577	0.0	1.3877292634331289	-8.12177102541387	1.0	Lrp3	0.0035900731974819
chr8	89043662	89046162	2.7955705451768824	0.0	1.3977852725884412	-8.132150379145642	1.0	Sall1	0.0035643373919758
chr11	16750203	16752703	2.7955705451768824	0.0	1.3977852725884412	-8.132150379145642	1.0	Egfr	0.0035643373919758
chr11	88864086	88866586	2.7955705451768824	0.0	1.3977852725884412	-8.132150379145642	1.0	Akap1	0.0035643373919758
chr16	35871044	35873544	2.815682563487508	0.0	1.407841281743754	-8.142455592528957	1.0	Parp14	0.0035389679397171
chr4	43955401	43957901	2.815682563487508	0.0	1.407841281743754	-8.142455592528957	1.0	Glipr2	0.0035389679397171
chr11	3286874	3289374	2.815682563487508	0.0	1.407841281743754	-8.142455592528957	1.0	Patz1	0.0035389679397171
chr9	43742576	43745076	2.815682563487508	0.0	1.407841281743754	-8.142455592528957	1.0	Nectin1	0.0035389679397171
chr3	108415052	108417552	2.8357945817981327	0.0	1.4178972908990664	-8.152687717234052	1.0	Celsr2	0.0035139570733462
chr13	49147514	49150014	2.8357945817981327	0.0	1.4178972908990664	-8.152687717234052	1.0	Wnk2	0.0035139570733462
chr10	61272938	61275438	2.855906600108758	0.0	1.427953300054379	-8.162847782711976	1.0	Adamts14	0.0034892972435391
chr2	179976146	179978646	2.855906600108758	0.0	1.427953300054379	-8.162847782711976	1.0	4921531C22Rik	0.0034892972435391
chr1	92829645	92832145	2.855906600108758	0.0	1.427953300054379	-8.162847782711976	1.0	Gpc1	0.0034892972435391
chr11	59163239	59165739	2.855906600108758	0.0	1.427953300054379	-8.162847782711976	1.0	Iba57	0.0034892972435391
chr2	152951198	152953698	2.855906600108758	0.0	1.427953300054379	-8.162847782711976	1.0	Dusp15	0.0034892972435391
chr13	45964491	45966991	2.855906600108758	0.0	1.427953300054379	-8.162847782711976	1.0	Atxn1	0.0034892972435391
chr18	52765709	52768209	2.855906600108758	0.0	1.427953300054379	-8.162847782711976	1.0	Sncaip	0.0034892972435391
chr2	152103516	152106016	2.855906600108758	0.0	1.427953300054379	-8.162847782711976	1.0	Srxn1	0.0034892972435391
chr15	73060704	73063204	2.855906600108758	0.0	1.427953300054379	-8.162847782711976	1.0	Trappc9	0.0034892972435391
chr2	167062515	167065015	2.855906600108758	0.0	1.427953300054379	-8.162847782711976	1.0	Znfx1	0.0034892972435391
chr2	125723648	125726148	2.855906600108758	0.0	1.427953300054379	-8.162847782711976	1.0	Shc4	0.0034892972435391
chr3	81034416	81036916	2.855906600108758	0.0	1.427953300054379	-8.162847782711976	1.0	Pdgfc	0.0034892972435391
chr10	58811359	58813859	2.876018618419383	0.0	1.4380093092096915	-8.172936796816126	1.0	Gm9987	0.0034649811114097
chr13	34002294	34004794	2.876018618419383	0.0	1.4380093092096915	-8.172936796816126	1.0	Serpinb6a	0.0034649811114097
chr2	19655752	19658252	2.896130636730008	0.0	1.448065318365004	-8.182955746402202	1.0	Otud1	0.0034410015412287
chr8	85058055	85060555	2.896130636730008	0.0	1.448065318365004	-8.182955746402202	1.0	Fbxw9	0.0034410015412287
chr14	11551532	11554032	2.896130636730008	0.0	1.448065318365004	-8.182955746402202	1.0	Ptprg	0.0034410015412287
chr4	147904204	147906704	2.896130636730008	0.0	1.448065318365004	-8.182955746402202	1.0	Mfn2	0.0034410015412287
chr18	36515305	36517805	2.896130636730008	0.0	1.448065318365004	-8.182955746402202	1.0	Hbegf	0.0034410015412287
chr7	25718588	25721088	2.896130636730008	0.0	1.448065318365004	-8.182955746402202	1.0	Ccdc97	0.0034410015412287
chrX	12760278	12762778	2.896130636730008	0.0	1.448065318365004	-8.182955746402202	1.0	Gm14634	0.0034410015412287
chr9	108806368	108808868	2.896130636730008	0.0	1.448065318365004	-8.182955746402202	1.0	Nckipsd	0.0034410015412287
chr7	101837729	101840229	2.896130636730008	0.0	1.448065318365004	-8.182955746402202	1.0	Inppl1	0.0034410015412287
chr19	12501496	12503996	2.916242655040633	0.0	1.4581213275203164	-8.192905597907483	1.0	Dtx4	0.0034173515934416
chr7	73373509	73376009	2.936354673351258	0.0	1.468177336675629	-8.202787297910257	1.0	Rgma	0.0033940245179735
chr15	86033277	86035777	2.936354673351258	0.0	1.468177336675629	-8.202787297910257	1.0	Celsr1	0.0033940245179735
chr16	91010808	91013308	2.936354673351258	0.0	1.468177336675629	-8.202787297910257	1.0	Synj1	0.0033940245179735
chr10	5921900	5924400	2.936354673351258	0.0	1.468177336675629	-8.202787297910257	1.0	Rgs17	0.0033940245179735
chr8	122550829	122553329	2.936354673351258	0.0	1.468177336675629	-8.202787297910257	1.0	Piezo1	0.0033940245179735
chr4	137860237	137862737	2.956466691661883	0.0	1.4782333458309416	-8.212601773670219	1.0	Ece1	0.0033710137478057
chr5	96371955	96374455	2.956466691661883	0.0	1.4782333458309416	-8.212601773670219	1.0	Fras1	0.0033710137478057
chr2	160872498	160874998	2.9765787099725083	0.0	1.488289354986254	-8.222349933650614	1.0	Zhx3	0.0033483128928124
chr5	31290616	31293116	2.9765787099725083	0.0	1.488289354986254	-8.222349933650614	1.0	Ift172	0.0033483128928124
chr9	75683496	75685996	2.9765787099725083	0.0	1.488289354986254	-8.222349933650614	1.0	Scg3	0.0033483128928124
chr7	5061549	5064049	2.9765787099725083	0.0	1.488289354986254	-8.222349933650614	1.0	Gm45133	0.0033483128928124
chr15	103366263	103368763	2.9765787099725083	0.0	1.488289354986254	-8.222349933650614	1.0	Itga5	0.0033483128928124
chr2	167189655	167192155	2.9765787099725083	0.0	1.488289354986254	-8.222349933650614	1.0	Kcnb1	0.0033483128928124
chr16	4637941	4640441	2.9765787099725083	0.0	1.488289354986254	-8.222349933650614	1.0	Coro7	0.0033483128928124
chr11	120719470	120721970	2.996690728283133	0.0	1.4983453641415665	-8.232032668022867	1.0	Rac3	0.003325915733844
chr3	98011527	98014027	3.016802746593758	0.0	1.508401373296879	-8.241650849154372	1.0	Notch2	0.0033038162170473
chr7	45509906	45512406	3.016802746593758	0.0	1.508401373296879	-8.241650849154372	1.0	Nucb1	0.0033038162170473
chr4	149307193	149309693	3.016802746593758	0.0	1.508401373296879	-8.241650849154372	1.0	Kif1b	0.0033038162170473
chr11	78245487	78247987	3.016802746593758	0.0	1.508401373296879	-8.241650849154372	1.0	Supt6	0.0033038162170473
chr5	123140193	123142693	3.016802746593758	0.0	1.508401373296879	-8.241650849154372	1.0	Setd1b	0.0033038162170473
chr3	94835567	94838067	3.016802746593758	0.0	1.508401373296879	-8.241650849154372	1.0	Pogz	0.0033038162170473
chr7	112425505	112428005	3.016802746593758	0.0	1.508401373296879	-8.241650849154372	1.0	Parva	0.0033038162170473
chr9	74951053	74953553	3.036914764904384	0.0	1.518457382452192	-8.25120533208015	1.0	Fam214a	0.0032820084484095
chr9	45828191	45830691	3.036914764904384	0.0	1.518457382452192	-8.25120533208015	1.0	Cep164	0.0032820084484095
chr17	23671596	23674096	3.036914764904384	0.0	1.518457382452192	-8.25120533208015	1.0	Hcfc1r1	0.0032820084484095
chr3	89713022	89715522	3.036914764904384	0.0	1.518457382452192	-8.25120533208015	1.0	Adar	0.0032820084484095
chr10	127378327	127380827	3.036914764904384	0.0	1.518457382452192	-8.25120533208015	1.0	R3hdm2	0.0032820084484095
chr2	91455511	91458011	3.036914764904384	0.0	1.518457382452192	-8.25120533208015	1.0	Lrp4	0.0032820084484095
chr10	122046815	122049315	3.0570267832150084	0.0	1.5285133916075042	-8.260696954958972	1.0	Srgap1	0.0032604866885177
chr9	57836293	57838793	3.0570267832150084	0.0	1.5285133916075042	-8.260696954958972	1.0	Arid3b	0.0032604866885177
chr5	52188672	52191172	3.0570267832150084	0.0	1.5285133916075042	-8.260696954958972	1.0	9230114K14Rik	0.0032604866885177
chr16	96191757	96194257	3.0570267832150084	0.0	1.5285133916075042	-8.260696954958972	1.0	Lca5l	0.0032604866885177
chr17	43014555	43017055	3.0771388015256336	0.0	1.5385694007628168	-8.270126539514587	1.0	Tnfrsf21	0.0032392453475231
chr2	152667461	152669961	3.0771388015256336	0.0	1.5385694007628168	-8.270126539514587	1.0	H13	0.0032392453475231
chr1	132314126	132316626	3.0972508198362583	0.0	1.5486254099181291	-8.279494891462626	1.0	Nuak2	0.0032182789803003
chr18	37969274	37971774	3.0972508198362583	0.0	1.5486254099181291	-8.279494891462626	1.0	Fchsd1	0.0032182789803003
chr11	30267675	30270175	3.0972508198362583	0.0	1.5486254099181291	-8.279494891462626	1.0	Sptbn1	0.0032182789803003
chr16	3870375	3872875	3.0972508198362583	0.0	1.5486254099181291	-8.279494891462626	1.0	Naa60	0.0032182789803003
chr7	141473240	141475740	3.0972508198362583	0.0	1.5486254099181291	-8.279494891462626	1.0	Tspan4	0.0032182789803003
chr14	24004359	24006859	3.0972508198362583	0.0	1.5486254099181291	-8.279494891462626	1.0	Kcnma1	0.0032182789803003
chr5	139775174	139777674	3.0972508198362583	0.0	1.5486254099181291	-8.279494891462626	1.0	Ints1	0.0032182789803003
chr11	115813139	115815639	3.0972508198362583	0.0	1.5486254099181291	-8.279494891462626	1.0	Caskin2	0.0032182789803003
chr4	116875376	116877876	3.0972508198362583	0.0	1.5486254099181291	-8.279494891462626	1.0	Zswim5	0.0032182789803003
chr15	79504741	79507241	3.1173628381468834	0.0	1.5586814190734417	-8.288802800923722	1.0	Kcnj4	0.0031975822817941
chr10	54075296	54077796	3.137474856457509	0.0	1.5687374282287545	-8.298051042823401	1.0	Man1a	0.0031771500825442
chr10	128090783	128093283	3.137474856457509	0.0	1.5687374282287545	-8.298051042823401	1.0	Baz2a	0.0031771500825442
chr8	105878881	105881381	3.1575868747681337	0.0	1.5787934373840669	-8.307240377279227	1.0	Edc4	0.0031569773443804
chr15	81583351	81585851	3.1575868747681337	0.0	1.5787934373840669	-8.307240377279227	1.0	Ep300	0.0031569773443804
chr15	76639458	76641958	3.1575868747681337	0.0	1.5787934373840669	-8.307240377279227	1.0	Tonsl	0.0031569773443804
chr16	30597723	30600223	3.1575868747681337	0.0	1.5787934373840669	-8.307240377279227	1.0	Fam43a	0.0031569773443804
chr4	145194505	145197005	3.1575868747681337	0.0	1.5787934373840669	-8.307240377279227	1.0	Vps13d	0.0031569773443804
chr7	98360828	98363328	3.1776988930787584	0.0	1.5888494465393792	-8.316371549975706	1.0	Tsku	0.0031370591562811
chr9	37432663	37435163	3.1776988930787584	0.0	1.5888494465393792	-8.316371549975706	1.0	Robo3	0.0031370591562811
chr15	6874469	6876969	3.1776988930787584	0.0	1.5888494465393792	-8.316371549975706	1.0	Osmr	0.0031370591562811
chr1	131137840	131140340	3.1776988930787584	0.0	1.5888494465393792	-8.316371549975706	1.0	Dyrk3	0.0031370591562811
chr4	139350587	139353087	3.1776988930787584	0.0	1.5888494465393792	-8.316371549975706	1.0	Emc1	0.0031370591562811
chr5	139905943	139908443	3.1776988930787584	0.0	1.5888494465393792	-8.316371549975706	1.0	Elfn1	0.0031370591562811
chr4	139350609	139353109	3.1776988930787584	0.0	1.5888494465393792	-8.316371549975706	1.0	Emc1	0.0031370591562811
chr12	110599452	110601952	3.1776988930787584	0.0	1.5888494465393792	-8.316371549975706	1.0	Dync1h1	0.0031370591562811
chr4	142238901	142241401	3.1776988930787584	0.0	1.5888494465393792	-8.316371549975706	1.0	Kazn	0.0031370591562811
chr11	117969547	117972047	3.1776988930787584	0.0	1.5888494465393792	-8.316371549975706	1.0	Socs3	0.0031370591562811
chr11	77489178	77491678	3.197810911389384	0.0	1.598905455694692	-8.32544529252739	1.0	Ankrd13b	0.0031173907303871
chr3	107759969	107762469	3.197810911389384	0.0	1.598905455694692	-8.32544529252739	1.0	Csf1	0.0031173907303871
chr11	70645235	70647735	3.197810911389384	0.0	1.598905455694692	-8.32544529252739	1.0	Rnf167	0.0031173907303871
chr15	99700287	99702787	3.197810911389384	0.0	1.598905455694692	-8.32544529252739	1.0	Asic1	0.0031173907303871
chr17	27907340	27909840	3.197810911389384	0.0	1.598905455694692	-8.32544529252739	1.0	Anks1	0.0031173907303871
chr17	25131391	25133891	3.2179229297000087	0.0	1.6089614648500044	-8.334462322830639	1.0	Clcn7	0.003097967398165
chr15	79658456	79660956	3.2179229297000087	0.0	1.6089614648500044	-8.334462322830639	1.0	Fam227a	0.003097967398165
chr6	85374134	85376634	3.2179229297000087	0.0	1.6089614648500044	-8.334462322830639	1.0	Rab11fip5	0.003097967398165
chr2	29800634	29803134	3.2179229297000087	0.0	1.6089614648500044	-8.334462322830639	1.0	Slc27a4	0.003097967398165
chr2	28465832	28468332	3.238034948010634	0.0	1.619017474005317	-8.343423345404458	1.0	1700007K13Rik	0.0030787846067126
chr15	89497623	89500123	3.238034948010634	0.0	1.619017474005317	-8.343423345404458	1.0	Shank3	0.0030787846067126
chr17	26243723	26246223	3.238034948010634	0.0	1.619017474005317	-8.343423345404458	1.0	Fam234a	0.0030787846067126
chr1	62701285	62703785	3.238034948010634	0.0	1.619017474005317	-8.343423345404458	1.0	Nrp2	0.0030787846067126
chr7	133122850	133125350	3.258146966321259	0.0	1.6290734831606295	-8.352329051720812	1.0	Fgfr2	0.0030598379152013
chr19	10869440	10871940	3.258146966321259	0.0	1.6290734831606295	-8.352329051720812	1.0	Tmem132a	0.0030598379152013
chr12	103530283	103532783	3.258146966321259	0.0	1.6290734831606295	-8.352329051720812	1.0	Ppp4r4	0.0030598379152013
chr1	105356210	105358710	3.258146966321259	0.0	1.6290734831606295	-8.352329051720812	1.0	Rnf152	0.0030598379152013
chr17	32388901	32391401	3.258146966321259	0.0	1.6290734831606295	-8.352329051720812	1.0	Wiz	0.0030598379152013
chr7	126200001	126202501	3.258146966321259	0.0	1.6290734831606295	-8.352329051720812	1.0	Xpo6	0.0030598379152013
chr13	112462070	112464570	3.258146966321259	0.0	1.6290734831606295	-8.352329051720812	1.0	Il6st	0.0030598379152013
chr16	18346182	18348682	3.258146966321259	0.0	1.6290734831606295	-8.352329051720812	1.0	Arvcf	0.0030598379152013
chr11	58976093	58978593	3.258146966321259	0.0	1.6290734831606295	-8.352329051720812	1.0	Trim11	0.0030598379152013
chr4	41274644	41277144	3.278258984631884	0.0	1.639129492315942	-8.361180120524809	1.0	Ubap2	0.0030411229914481
chr14	67933072	67935572	3.278258984631884	0.0	1.639129492315942	-8.361180120524809	1.0	Dock5	0.0030411229914481
chr17	46327852	46330352	3.298371002942509	0.0	1.6491855014712544	-8.36997721814512	1.0	Abcc10	0.0030226356086139
chr6	83163920	83166420	3.298371002942509	0.0	1.6491855014712544	-8.36997721814512	1.0	Dctn1	0.0030226356086139
chr17	10839811	10842311	3.298371002942509	0.0	1.6491855014712544	-8.36997721814512	1.0	Pacrg	0.0030226356086139
chr15	53902037	53904537	3.298371002942509	0.0	1.6491855014712544	-8.36997721814512	1.0	Samd12	0.0030226356086139
chr19	11910399	11912899	3.298371002942509	0.0	1.6491855014712544	-8.36997721814512	1.0	Patl1	0.0030226356086139
chr15	58214392	58216892	3.298371002942509	0.0	1.6491855014712544	-8.36997721814512	1.0	Fbxo32	0.0030226356086139
chr19	3906633	3909133	3.298371002942509	0.0	1.6491855014712544	-8.36997721814512	1.0	Tcirg1	0.0030226356086139
chr19	6304456	6306956	3.298371002942509	0.0	1.6491855014712544	-8.36997721814512	1.0	Cdc42bpg	0.0030226356086139
chr10	84440097	84442597	3.298371002942509	0.0	1.6491855014712544	-8.36997721814512	1.0	Nuak1	0.0030226356086139
chr2	130905906	130908406	3.318483021253134	0.0	1.659241510626567	-8.378720998795	1.0	Atrn	0.0030043716420206
chr5	110448003	110450503	3.318483021253134	0.0	1.659241510626567	-8.378720998795	1.0	Fbrsl1	0.0030043716420206
chr2	26313515	26316015	3.318483021253134	0.0	1.659241510626567	-8.378720998795	1.0	Gpsm1	0.0030043716420206
chr14	62553737	62556237	3.318483021253134	0.0	1.659241510626567	-8.378720998795	1.0	Fam124a	0.0030043716420206
chr2	130905896	130908396	3.318483021253134	0.0	1.659241510626567	-8.378720998795	1.0	Atrn	0.0030043716420206
chr11	101007452	101009952	3.338595039563759	0.0	1.6692975197818796	-8.387412104864225	1.0	Atp6v0a1	0.0029863270660828
chr7	132813386	132815886	3.338595039563759	0.0	1.6692975197818796	-8.387412104864225	1.0	Fgfr2	0.0029863270660828
chr5	114566016	114568516	3.338595039563759	0.0	1.6692975197818796	-8.387412104864225	1.0	Fam222a	0.0029863270660828
chr17	56475983	56478483	3.338595039563759	0.0	1.6692975197818796	-8.387412104864225	1.0	Ptprs	0.0029863270660828
chr6	38354103	38356603	3.338595039563759	0.0	1.6692975197818796	-8.387412104864225	1.0	Zc3hav1	0.0029863270660828
chr9	96194275	96196775	3.3587070578743843	0.0	1.679353528937192	-8.396051167202307	1.0	Tfdp2	0.0029684979513504
chr3	89245809	89248309	3.3587070578743843	0.0	1.679353528937192	-8.396051167202307	1.0	Trim46	0.0029684979513504
chr7	66837735	66840235	3.3587070578743843	0.0	1.679353528937192	-8.396051167202307	1.0	Adamts17	0.0029684979513504
chr7	133774861	133777361	3.3587070578743843	0.0	1.679353528937192	-8.396051167202307	1.0	Fank1	0.0029684979513504
chrX	129747742	129750242	3.378819076185009	0.0	1.6894095380925045	-8.404638805393263	1.0	Diaph2	0.0029508804616555
chr11	102555892	102558392	3.378819076185009	0.0	1.6894095380925045	-8.404638805393263	1.0	Gpatch8	0.0029508804616555
chr14	34817825	34820325	3.378819076185009	0.0	1.6894095380925045	-8.404638805393263	1.0	Grid1	0.0029508804616555
chr18	82690284	82692784	3.378819076185009	0.0	1.6894095380925045	-8.404638805393263	1.0	Gm10524	0.0029508804616555
chr5	121385132	121387632	3.378819076185009	0.0	1.6894095380925045	-8.404638805393263	1.0	Trafd1	0.0029508804616555
chr12	80788532	80791032	3.378819076185009	0.0	1.6894095380925045	-8.404638805393263	1.0	Susd6	0.0029508804616555
chr7	45525768	45528268	3.41904311280626	0.0	1.70952155640313	-8.421662232934473	1.0	Plekha4	0.002916265462704
chr11	76398640	76401140	3.41904311280626	0.0	1.70952155640313	-8.421662232934473	1.0	Nxn	0.002916265462704
chr1	191904767	191907267	3.41904311280626	0.0	1.70952155640313	-8.421662232934473	1.0	Slc30a1	0.002916265462704
chr15	32918723	32921223	3.4391551311168844	0.0	1.7195775655584422	-8.430099207486194	1.0	Sdc2	0.0028992607232374
chr17	25791784	25794284	3.4391551311168844	0.0	1.7195775655584422	-8.430099207486194	1.0	Fam173a	0.0028992607232374
chr13	48625073	48627573	3.4391551311168844	0.0	1.7195775655584422	-8.430099207486194	1.0	Ptpdc1	0.0028992607232374
chr5	113733803	113736303	3.4592671494275096	0.0	1.7296335747137548	-8.438487128788902	1.0	Ficd	0.0028824531433533
chr11	87987033	87989533	3.4592671494275096	0.0	1.7296335747137548	-8.438487128788902	1.0	Dynll2	0.0028824531433533
chr6	31563481	31565981	3.4592671494275096	0.0	1.7296335747137548	-8.438487128788902	1.0	Podxl	0.0028824531433533
chr2	27027498	27029998	3.4592671494275096	0.0	1.7296335747137548	-8.438487128788902	1.0	Slc2a6	0.0028824531433533
chr8	72547810	72550310	3.4592671494275096	0.0	1.7296335747137548	-8.438487128788902	1.0	Med26	0.0028824531433533
chr2	146219921	146222421	3.4592671494275096	0.0	1.7296335747137548	-8.438487128788902	1.0	Insm1	0.0028824531433533
chr17	30575787	30578287	3.4592671494275096	0.0	1.7296335747137548	-8.438487128788902	1.0	Btbd9	0.0028824531433533
chr2	150784735	150787235	3.4592671494275096	0.0	1.7296335747137548	-8.438487128788902	1.0	Pygb	0.0028824531433533
chr7	118853752	118856252	3.4592671494275096	0.0	1.7296335747137548	-8.438487128788902	1.0	Iqck	0.0028824531433533
chr17	35260730	35263230	3.4793791677381343	0.0	1.7396895838690671	-8.446826563946074	1.0	H2-D1	0.0028658393138978
chr17	56584085	56586585	3.4793791677381343	0.0	1.7396895838690671	-8.446826563946074	1.0	Safb2	0.0028658393138978
chr7	27193781	27196281	3.4994911860487594	0.0	1.7497455930243797	-8.455118070283278	1.0	BC024978	0.0028494159038646
chr9	105640978	105643478	3.4994911860487594	0.0	1.7497455930243797	-8.455118070283278	1.0	Pik3r4	0.0028494159038646
chr1	92908783	92911283	3.4994911860487594	0.0	1.7497455930243797	-8.455118070283278	1.0	Rnpepl1	0.0028494159038646
chr2	30124085	30126585	3.4994911860487594	0.0	1.7497455930243797	-8.455118070283278	1.0	Zer1	0.0028494159038646
chr3	87969078	87971578	3.4994911860487594	0.0	1.7497455930243797	-8.455118070283278	1.0	Nes	0.0028494159038646
chr8	107291470	107293970	3.4994911860487594	0.0	1.7497455930243797	-8.455118070283278	1.0	Nfat5	0.0028494159038646
chr9	56927871	56930371	3.4994911860487594	0.0	1.7497455930243797	-8.455118070283278	1.0	Snx33	0.0028494159038646
chr9	65906924	65909424	3.519603204359385	0.0	1.7598016021796925	-8.463362195571671	1.0	Csnk1g1	0.0028331796581692
chr18	34407423	34409923	3.519603204359385	0.0	1.7598016021796925	-8.463362195571671	1.0	Pkd2l2	0.0028331796581692
chr10	80102198	80104698	3.519603204359385	0.0	1.7598016021796925	-8.463362195571671	1.0	Sbno2	0.0028331796581692
chr10	128375115	128377615	3.519603204359385	0.0	1.7598016021796925	-8.463362195571671	1.0	Ankrd52	0.0028331796581692
chr12	116483720	116486220	3.5397152226700097	0.0	1.7698576113350049	-8.471559478245151	1.0	Ptprn2	0.002817127395498
chr5	64801388	64803888	3.5397152226700097	0.0	1.7698576113350049	-8.471559478245151	1.0	Klf3	0.002817127395498
chr9	14380742	14383242	3.5397152226700097	0.0	1.7698576113350049	-8.471559478245151	1.0	Endod1	0.002817127395498
chr5	135630618	135633118	3.5397152226700097	0.0	1.7698576113350049	-8.471559478245151	1.0	Rhbdd2	0.002817127395498
chr3	54915387	54917887	3.559827240980635	0.0	1.7799136204903174	-8.479710447611378	1.0	Sertm1	0.0028012560062298
chr6	72353447	72355947	3.559827240980635	0.0	1.7799136204903174	-8.479710447611378	1.0	Tmem150a	0.0028012560062298
chr4	43666971	43669471	3.57993925929126	0.0	1.78996962964563	-8.487815624056863	1.0	Tmem8b	0.0027855624504282
chr11	80298912	80301412	3.57993925929126	0.0	1.78996962964563	-8.487815624056863	1.0	Rhbdl3	0.0027855624504282
chr11	75191783	75194283	3.57993925929126	0.0	1.78996962964563	-8.487815624056863	1.0	Rtn4rl1	0.0027855624504282
chr3	108184335	108186835	3.57993925929126	0.0	1.78996962964563	-8.487815624056863	1.0	Amigo1	0.0027855624504282
chr1	72822503	72825003	3.57993925929126	0.0	1.78996962964563	-8.487815624056863	1.0	Igfbp2	0.0027855624504282
chr11	98201059	98203559	3.57993925929126	0.0	1.78996962964563	-8.487815624056863	1.0	Cdk12	0.0027855624504282
chr9	59537667	59540167	3.6000512776018847	0.0	1.8000256388009424	-8.495875519246326	1.0	Hexa	0.0027700437559
chr2	152397563	152400063	3.6000512776018847	0.0	1.8000256388009424	-8.495875519246326	1.0	Sox12	0.0027700437559
chr16	20514982	20517482	3.6000512776018847	0.0	1.8000256388009424	-8.495875519246326	1.0	Dvl3	0.0027700437559
chr18	12235900	12238400	3.6000512776018847	0.0	1.8000256388009424	-8.495875519246326	1.0	Npc1	0.0027700437559
chr9	43105218	43107718	3.62016329591251	0.0	1.810081647956255	-8.503890636316521	1.0	Arhgef12	0.0027546970163187
chr5	33993984	33996484	3.62016329591251	0.0	1.810081647956255	-8.503890636316521	1.0	Nat8l	0.0027546970163187
chr3	89349496	89351996	3.62016329591251	0.0	1.810081647956255	-8.503890636316521	1.0	Adam15	0.0027546970163187
chr11	69880906	69883406	3.62016329591251	0.0	1.810081647956255	-8.503890636316521	1.0	Kctd11	0.0027546970163187
chr5	117317083	117319583	3.62016329591251	0.0	1.810081647956255	-8.503890636316521	1.0	Vsig10	0.0027546970163187
chrX	99134130	99136630	3.62016329591251	0.0	1.810081647956255	-8.503890636316521	1.0	Efnb1	0.0027546970163187
chr7	80991681	80994181	3.62016329591251	0.0	1.810081647956255	-8.503890636316521	1.0	Zfp592	0.0027546970163187
chr17	57059363	57061863	3.62016329591251	0.0	1.810081647956255	-8.503890636316521	1.0	Slc25a23	0.0027546970163187
chr5	111415362	111417862	3.62016329591251	0.0	1.810081647956255	-8.503890636316521	1.0	Mn1	0.0027546970163187
chr14	70350925	70353425	3.66038733253376	0.0	1.83019366626688	-8.51978850713194	1.0	Slc39a14	0.0027245080951978
chr2	25861734	25864234	3.66038733253376	0.0	1.83019366626688	-8.51978850713194	1.0	Kcnt1	0.0027245080951978
chr11	4133202	4135702	3.66038733253376	0.0	1.83019366626688	-8.51978850713194	1.0	Rnf215	0.0027245080951978
chr4	136204365	136206865	3.66038733253376	0.0	1.83019366626688	-8.51978850713194	1.0	Asap3	0.0027245080951978
chr11	53768014	53770514	3.680499350844385	0.0	1.8402496754221924	-8.527672226181341	1.0	Irf1	0.0027096604143046
chr2	165234353	165236853	3.70061136915501	0.0	1.850305684577505	-8.535513098071558	1.0	Cdh22	0.0026949736863112
chr2	35979413	35981913	3.70061136915501	0.0	1.850305684577505	-8.535513098071558	1.0	Ttll11	0.0026949736863112
chr13	55487611	55490111	3.70061136915501	0.0	1.850305684577505	-8.535513098071558	1.0	Dbn1	0.0026949736863112
chr8	70476468	70478968	3.70061136915501	0.0	1.850305684577505	-8.535513098071558	1.0	Klhl26	0.0026949736863112
chrX	73714597	73717097	3.70061136915501	0.0	1.850305684577505	-8.535513098071558	1.0	Abcd1	0.0026949736863112
chr4	156201304	156203804	3.70061136915501	0.0	1.850305684577505	-8.535513098071558	1.0	AW011738	0.0026949736863112
chr11	77761246	77763746	3.70061136915501	0.0	1.850305684577505	-8.535513098071558	1.0	Myo18a	0.0026949736863112
chr11	70687605	70690105	3.720723387465635	0.0	1.8603616937328176	-8.543311586025494	1.0	Camta2	0.0026804453081666
chr8	84687362	84689862	3.720723387465635	0.0	1.8603616937328176	-8.543311586025494	1.0	Nacc1	0.0026804453081666
chr9	45954747	45957247	3.74083540577626	0.0	1.87041770288813	-8.551068145794536	1.0	Sidt2	0.0026660727326504
chr11	78463697	78466197	3.74083540577626	0.0	1.87041770288813	-8.551068145794536	1.0	Slc46a1	0.0026660727326504
chr3	90389438	90391938	3.74083540577626	0.0	1.87041770288813	-8.551068145794536	1.0	Ints3	0.0026660727326504
chr2	127245908	127248408	3.74083540577626	0.0	1.87041770288813	-8.551068145794536	1.0	Tmem127	0.0026660727326504
chr11	52002221	52004721	3.74083540577626	0.0	1.87041770288813	-8.551068145794536	1.0	Cdkl3	0.0026660727326504
chr12	17688814	17691314	3.74083540577626	0.0	1.87041770288813	-8.551068145794536	1.0	Hpcal1	0.0026660727326504
chr19	10686815	10689315	3.760947424086885	0.0	1.8804737120434425	-8.558783225818372	1.0	Vps37c	0.0026518534668834
chr18	75818178	75820678	3.760947424086885	0.0	1.8804737120434425	-8.558783225818372	1.0	Zbtb7c	0.0026518534668834
chr10	8518325	8520825	3.760947424086885	0.0	1.8804737120434425	-8.558783225818372	1.0	Ust	0.0026518534668834
chr2	145165754	145168254	3.78105944239751	0.0	1.890529721198755	-8.56645726738056	1.0	Slc24a3	0.0026377850708866
chr2	25052355	25054855	3.78105944239751	0.0	1.890529721198755	-8.56645726738056	1.0	Pnpla7	0.0026377850708866
chr7	45524330	45526830	3.78105944239751	0.0	1.890529721198755	-8.56645726738056	1.0	Ppp1r15a	0.0026377850708866
chr11	77928800	77931300	3.78105944239751	0.0	1.890529721198755	-8.56645726738056	1.0	Sez6	0.0026377850708866
chr8	12393295	12395795	3.78105944239751	0.0	1.890529721198755	-8.56645726738056	1.0	Sox1	0.0026377850708866
chr17	47628690	47631190	3.78105944239751	0.0	1.890529721198755	-8.56645726738056	1.0	Usp49	0.0026377850708866
chr7	78893854	78896354	3.8011714607081353	0.0	1.900585730354068	-8.57409070475999	1.0	Aen	0.0026238651561853
chr9	104061377	104063877	3.82128347901876	0.0	1.91064173950938	-8.581683965378355	1.0	Acad11	0.0026100913844571
chr5	4757535	4760035	3.82128347901876	0.0	1.91064173950938	-8.581683965378355	1.0	Fzd1	0.0026100913844571
chr10	70243100	70245600	3.82128347901876	0.0	1.91064173950938	-8.581683965378355	1.0	Slc16a9	0.0026100913844571
chr1	52117440	52119940	3.82128347901876	0.0	1.91064173950938	-8.581683965378355	1.0	Stat1	0.0026100913844571
chrX	101272030	101274530	3.82128347901876	0.0	1.91064173950938	-8.581683965378355	1.0	Med12	0.0026100913844571
chr2	130293169	130295669	3.82128347901876	0.0	1.91064173950938	-8.581683965378355	1.0	Ebf4	0.0026100913844571
chr2	127142942	127145442	3.8413954973293856	0.0	1.9206977486646928	-8.589237469943754	1.0	Itpripl1	0.0025964614662228
chr17	56934888	56937388	3.8615075156400094	0.0	1.9307537578200047	-8.596751632590568	1.0	Mllt1	0.0025829731595773
chr7	4135039	4137539	3.8615075156400094	0.0	1.9307537578200047	-8.596751632590568	1.0	Leng8	0.0025829731595773
chr7	126474924	126477424	3.8615075156400094	0.0	1.9307537578200047	-8.596751632590568	1.0	Sh2b1	0.0025829731595773
chr9	37146822	37149322	3.8615075156400094	0.0	1.9307537578200047	-8.596751632590568	1.0	Pknox2	0.0025829731595773
chr18	75365529	75368029	3.8615075156400094	0.0	1.9307537578200047	-8.596751632590568	1.0	Smad7	0.0025829731595773
chr9	21988953	21991453	3.8816195339506354	0.0	1.9408097669753177	-8.604226861015709	1.0	Ccdc151	0.0025696242689604
chr14	20672321	20674821	3.8816195339506354	0.0	1.9408097669753177	-8.604226861015709	1.0	Sec24c	0.0025696242689604
chr19	3321301	3323801	3.8816195339506354	0.0	1.9408097669753177	-8.604226861015709	1.0	Cpt1a	0.0025696242689604
chr5	31052780	31055280	3.901731552261261	0.0	1.9508657761306305	-8.611663556611346	1.0	Cad	0.0025564126439656
chr7	13009534	13012034	3.901731552261261	0.0	1.9508657761306305	-8.611663556611346	1.0	Zbtb45	0.0025564126439656
chr19	4853129	4855629	3.901731552261261	0.0	1.9508657761306305	-8.611663556611346	1.0	Ctsf	0.0025564126439656
chr11	95007879	95010379	3.9218435705718857	0.0	1.9609217852859429	-8.619062114594241	1.0	Samd14	0.0025433361781851
chr15	73184340	73186840	3.9218435705718857	0.0	1.9609217852859429	-8.619062114594241	1.0	Ago2	0.0025433361781851
chr4	120286849	120289349	3.941955588882511	0.0	1.970977794441256	-8.626422924131786	1.0	Foxo6	0.0025303928080901
chr19	28679577	28682077	3.941955588882511	0.0	1.970977794441256	-8.626422924131786	1.0	Glis3	0.0025303928080901
chr14	64650531	64653031	3.941955588882511	0.0	1.970977794441256	-8.626422924131786	1.0	Kif13b	0.0025303928080901
chr2	28444800	28447300	3.941955588882511	0.0	1.970977794441256	-8.626422924131786	1.0	Ppp1r26	0.0025303928080901
chr14	19749257	19751757	3.941955588882511	0.0	1.970977794441256	-8.626422924131786	1.0	Nid2	0.0025303928080901
chr8	70537457	70539957	3.941955588882511	0.0	1.970977794441256	-8.626422924131786	1.0	Ell	0.0025303928080901
chr11	22002397	22004897	3.941955588882511	0.0	1.970977794441256	-8.626422924131786	1.0	Otx1	0.0025303928080901
chr1	34676188	34678688	3.941955588882511	0.0	1.970977794441256	-8.626422924131786	1.0	Arhgef4	0.0025303928080901
chr7	109703105	109705605	3.941955588882511	0.0	1.970977794441256	-8.626422924131786	1.0	St5	0.0025303928080901
chr17	62880817	62883317	3.962067607193136	0.0	1.981033803596568	-8.633746368464827	1.0	Efna5	0.0025175805119456
chr8	64692554	64695054	3.962067607193136	0.0	1.981033803596568	-8.633746368464827	1.0	Cpe	0.0025175805119456
chr1	16103774	16106274	3.962067607193136	0.0	1.981033803596568	-8.633746368464827	1.0	Rdh10	0.0025175805119456
chr2	180587245	180589745	3.9821796255037607	0.0	1.9910898127518804	-8.641032825027398	1.0	Ogfr	0.0025048973087572
chr3	122293220	122295720	3.9821796255037607	0.0	1.9910898127518804	-8.641032825027398	1.0	Gm17494	0.0025048973087572
chr15	76669615	76672115	3.9821796255037607	0.0	1.9910898127518804	-8.641032825027398	1.0	Ppp1r16a	0.0025048973087572
chr2	50064429	50066929	3.9821796255037607	0.0	1.9910898127518804	-8.641032825027398	1.0	Lypd6	0.0025048973087572
chr2	164857211	164859711	3.9821796255037607	0.0	1.9910898127518804	-8.641032825027398	1.0	Pltp	0.0025048973087572
chr13	15461235	15463735	3.9821796255037607	0.0	1.9910898127518804	-8.641032825027398	1.0	Gli3	0.0025048973087572
chr17	28799090	28801590	4.002291643814386	0.0	2.001145821907193	-8.648282665563448	1.0	Brpf3	0.0024923412572504
chr18	34838589	34841089	4.002291643814386	0.0	2.001145821907193	-8.648282665563448	1.0	Kdm3b	0.0024923412572504
chr4	152006803	152009303	4.0224036621250105	0.0	2.0112018310625053	-8.655496256240642	1.0	Klhl21	0.0024799104548799
chr2	181362928	181365428	4.0224036621250105	0.0	2.0112018310625053	-8.655496256240642	1.0	Zgpat	0.0024799104548799
chr9	46281008	46283508	4.0224036621250105	0.0	2.0112018310625053	-8.655496256240642	1.0	Bud13	0.0024799104548799
chr5	125389702	125392202	4.042515680435636	0.0	2.021257840217818	-8.662673957761333	1.0	Ubc	0.0024676030368684
chr7	63938415	63940915	4.042515680435636	0.0	2.021257840217818	-8.662673957761333	1.0	Klf13	0.0024676030368684
chr15	64382419	64384919	4.042515680435636	0.0	2.021257840217818	-8.662673957761333	1.0	Asap1	0.0024676030368684
chr14	25460628	25463128	4.042515680435636	0.0	2.021257840217818	-8.662673957761333	1.0	Zmiz1	0.0024676030368684
chr3	35931045	35933545	4.062627698746261	0.0	2.0313138493731304	-8.66981612547079	1.0	Gm15952	0.0024554171752744
chr18	44659665	44662165	4.062627698746261	0.0	2.0313138493731304	-8.66981612547079	1.0	Mcc	0.0024554171752744
chr9	108488602	108491102	4.062627698746261	0.0	2.0313138493731304	-8.66981612547079	1.0	Lamb2	0.0024554171752744
chr17	28175207	28177707	4.062627698746261	0.0	2.0313138493731304	-8.66981612547079	1.0	Zfp523	0.0024554171752744
chr1	93101451	93103951	4.062627698746261	0.0	2.0313138493731304	-8.66981612547079	1.0	Kif1a	0.0024554171752744
chr7	112677318	112679818	4.082739717056886	0.0	2.041369858528443	-8.676923109462763	1.0	Tead1	0.0024433510780868
chr7	4913217	4915717	4.082739717056886	0.0	2.041369858528443	-8.676923109462763	1.0	Zfp628	0.0024433510780868
chr18	62920327	62922827	4.102851735367511	0.0	2.051425867683756	-8.683995254682447	1.0	Apcdd1	0.0024314029883468
chr4	155767969	155770469	4.102851735367511	0.0	2.051425867683756	-8.683995254682447	1.0	Vwa1	0.0024314029883468
chr8	117156135	117158635	4.102851735367511	0.0	2.051425867683756	-8.683995254682447	1.0	Gan	0.0024314029883468
chr18	9210856	9213356	4.102851735367511	0.0	2.051425867683756	-8.683995254682447	1.0	Fzd8	0.0024314029883468
chr11	3647494	3649994	4.102851735367511	0.0	2.051425867683756	-8.683995254682447	1.0	Morc2a	0.0024314029883468
chr9	108263458	108265958	4.102851735367511	0.0	2.051425867683756	-8.683995254682447	1.0	Dag1	0.0024314029883468
chr2	178412524	178415024	4.102851735367511	0.0	2.051425867683756	-8.683995254682447	1.0	Fam217b	0.0024314029883468
chr1	9545948	9548448	4.122963753678136	0.0	2.061481876839068	-8.691032901026954	1.0	Adhfe1	0.0024195711832944
chr9	44734698	44737198	4.122963753678136	0.0	2.061481876839068	-8.691032901026954	1.0	Phldb1	0.0024195711832944
chr3	94412419	94414919	4.143075771988761	0.0	2.0715378859943807	-8.69803638344333	1.0	1700040D17Rik	0.002407853973541
chr7	25070567	25073067	4.143075771988761	0.0	2.0715378859943807	-8.69803638344333	1.0	Grik5	0.002407853973541
chr3	122726947	122729447	4.143075771988761	0.0	2.0715378859943807	-8.69803638344333	1.0	Pde5a	0.002407853973541
chr17	31855292	31857792	4.163187790299387	0.0	2.0815938951496933	-8.705006032024217	1.0	Sik1	0.0023962497022647
chr15	74514195	74516695	4.163187790299387	0.0	2.0815938951496933	-8.705006032024217	1.0	Adgrb1	0.0023962497022647
chr7	19022377	19024877	4.163187790299387	0.0	2.0815938951496933	-8.705006032024217	1.0	Sympk	0.0023962497022647
chr11	114066546	114069046	4.163187790299387	0.0	2.0815938951496933	-8.705006032024217	1.0	Sdk2	0.0023962497022647
chr3	51560379	51562879	4.183299808610012	0.0	2.091649904305006	-8.711942172101196	1.0	Setd7	0.00238475674443
chr11	75484816	75487316	4.183299808610012	0.0	2.091649904305006	-8.711942172101196	1.0	Prpf8	0.00238475674443
chr7	143053186	143055686	4.183299808610012	0.0	2.091649904305006	-8.711942172101196	1.0	Cd81	0.00238475674443
chr6	37299684	37302184	4.203411826920636	0.0	2.101705913460318	-8.718845124335926	1.0	Dgki	0.0023733735060283
chr11	120230947	120233447	4.203411826920636	0.0	2.101705913460318	-8.718845124335926	1.0	Bahcc1	0.0023733735060283
chr9	110407713	110410213	4.203411826920636	0.0	2.101705913460318	-8.718845124335926	1.0	Ptpn23	0.0023733735060283
chr6	89362120	89364620	4.223523845231261	0.0	2.1117619226156306	-8.725715204809088	1.0	Plxna1	0.0023620984233416
chr10	60752294	60754794	4.223523845231261	0.0	2.1117619226156306	-8.725715204809088	1.0	Slc29a3	0.0023620984233416
chr19	5022006	5024506	4.223523845231261	0.0	2.1117619226156306	-8.725715204809088	1.0	Slc29a2	0.0023620984233416
chr5	134746823	134749323	4.223523845231261	0.0	2.1117619226156306	-8.725715204809088	1.0	Eln	0.0023620984233416
chr17	73802841	73805341	4.223523845231261	0.0	2.1117619226156306	-8.725715204809088	1.0	Ehd3	0.0023620984233416
chr11	103412187	103414687	4.243635863541886	0.0	2.121817931770943	-8.73255272510723	1.0	Plekhm1	0.002350929962226
chr1	189726268	189728768	4.243635863541886	0.0	2.121817931770943	-8.73255272510723	1.0	Ptpn14	0.002350929962226
chr4	106908701	106911201	4.263747881852511	0.0	2.131873940926256	-8.739357992407566	1.0	Ssbp3	0.0023398666174162
chr11	74647495	74649995	4.263747881852511	0.0	2.131873940926256	-8.739357992407566	1.0	Cluh	0.0023398666174162
chr1	132878273	132880773	4.263747881852511	0.0	2.131873940926256	-8.739357992407566	1.0	Lrrn2	0.0023398666174162
chr7	25071846	25074346	4.263747881852511	0.0	2.131873940926256	-8.739357992407566	1.0	Zfp574	0.0023398666174162
chr5	98165198	98167698	4.303971918473762	0.0	2.151985959236881	-8.75287297517191	1.0	Prdm8	0.0023180493960048
chr8	22857535	22860035	4.303971918473762	0.0	2.151985959236881	-8.75287297517191	1.0	Kat6a	0.0023180493960048
chr15	91572761	91575261	4.303971918473762	0.0	2.151985959236881	-8.75287297517191	1.0	Slc2a13	0.0023180493960048
chr11	100355628	100358128	4.303971918473762	0.0	2.151985959236881	-8.75287297517191	1.0	Hap1	0.0023180493960048
chr6	128355351	128357851	4.324083936784387	0.0	2.162041968392193	-8.759583283679309	1.0	Tulp3	0.0023072926472714
chr7	127588095	127590595	4.344195955095012	0.0	2.172097977547506	-8.766262525431841	1.0	Ccdc189	0.0022966352693196
chr15	82272935	82275435	4.344195955095012	0.0	2.172097977547506	-8.766262525431841	1.0	Sept3	0.0022966352693196
chr4	141874420	141876920	4.344195955095012	0.0	2.172097977547506	-8.766262525431841	1.0	Efhd2	0.0022966352693196
chr7	127020711	127023211	4.344195955095012	0.0	2.172097977547506	-8.766262525431841	1.0	Prrt2	0.0022966352693196
chr10	87493160	87495660	4.344195955095012	0.0	2.172097977547506	-8.766262525431841	1.0	Ascl1	0.0022966352693196
chr17	7826802	7829302	4.344195955095012	0.0	2.172097977547506	-8.766262525431841	1.0	Fndc1	0.0022966352693196
chr4	156196988	156199488	4.344195955095012	0.0	2.172097977547506	-8.766262525431841	1.0	Agrn	0.0022966352693196
chr14	25768539	25771039	4.344195955095012	0.0	2.172097977547506	-8.766262525431841	1.0	Zcchc24	0.0022966352693196
chr3	33142747	33145247	4.344195955095012	0.0	2.172097977547506	-8.766262525431841	1.0	Pex5l	0.0022966352693196
chr16	97354728	97357228	4.344195955095012	0.0	2.172097977547506	-8.766262525431841	1.0	Bace2	0.0022966352693196
chr11	78497254	78499754	4.364307973405637	0.0	2.1821539867028186	-8.772910986764247	1.0	Sarm1	0.0022860758915002
chr7	46394497	46396997	4.384419991716262	0.0	2.192209995858131	-8.7795289500708	1.0	Kcnc1	0.0022756131682566
chr9	36796861	36799361	4.384419991716262	0.0	2.192209995858131	-8.7795289500708	1.0	Ei24	0.0022756131682566
chr10	115361762	115364262	4.384419991716262	0.0	2.192209995858131	-8.7795289500708	1.0	Tmem19	0.0022756131682566
chr18	59173401	59175901	4.384419991716262	0.0	2.192209995858131	-8.7795289500708	1.0	Chsy3	0.0022756131682566
chr11	116334899	116337399	4.384419991716262	0.0	2.192209995858131	-8.7795289500708	1.0	Foxj1	0.0022756131682566
chr2	85046022	85048522	4.404532010026887	0.0	2.202266005013444	-8.786116693877286	1.0	Tnks1bp1	0.0022652457785528
chr9	121758033	121760533	4.424644028337512	0.0	2.212322014168756	-8.792674492911335	1.0	Zfp651	0.0022549724253174
chr12	14151538	14154038	4.424644028337512	0.0	2.212322014168756	-8.792674492911335	1.0	Fam84a	0.0022549724253174
chr8	22165935	22168435	4.424644028337512	0.0	2.212322014168756	-8.792674492911335	1.0	Nek3	0.0022549724253174
chr17	45553716	45556216	4.424644028337512	0.0	2.212322014168756	-8.792674492911335	1.0	Nfkbie	0.0022549724253174
chr5	118558679	118561179	4.424644028337512	0.0	2.212322014168756	-8.792674492911335	1.0	Med13l	0.0022549724253174
chr5	113993394	113995894	4.424644028337512	0.0	2.212322014168756	-8.792674492911335	1.0	Ssh1	0.0022549724253174
chr9	44233549	44236049	4.444756046648137	0.0	2.2223780233240684	-8.79920261817117	1.0	Cbl	0.0022447918349028
chr9	26731728	26734228	4.444756046648137	0.0	2.2223780233240684	-8.79920261817117	1.0	B3gat1	0.0022447918349028
chr10	18316985	18319485	4.444756046648137	0.0	2.2223780233240684	-8.79920261817117	1.0	Nhsl1	0.0022447918349028
chr5	24030190	24032690	4.444756046648137	0.0	2.2223780233240684	-8.79920261817117	1.0	Fam126a	0.0022447918349028
chr6	85959623	85962123	4.444756046648137	0.0	2.2223780233240684	-8.79920261817117	1.0	Gm19265	0.0022447918349028
chr15	89355159	89357659	4.444756046648137	0.0	2.2223780233240684	-8.79920261817117	1.0	Lmf2	0.0022447918349028
chr5	114091070	114093570	4.464868064958762	0.0	2.232434032479381	-8.80570133699281	1.0	Usp30	0.0022347027565587
chr1	155099136	155101636	4.484980083269387	0.0	2.2424900416346936	-8.81217091311575	1.0	Ier5	0.0022247039619198
chr11	94601371	94603871	4.484980083269387	0.0	2.2424900416346936	-8.81217091311575	1.0	Acsf2	0.0022247039619198
chr4	121016747	121019247	4.505092101580012	0.0	2.252546050790006	-8.818611606747194	1.0	Smap2	0.0022147942445073
chr15	99457248	99459748	4.545316138201263	0.0	2.272658069100632	-8.831407370078342	1.0	Nckap5l	0.0021952373219806
chr17	78198248	78200748	4.545316138201263	0.0	2.272658069100632	-8.831407370078342	1.0	Crim1	0.0021952373219806
chr2	130904495	130906995	4.565428156511888	0.0	2.282714078255944	-8.83776294308926	1.0	4930402H24Rik	0.0021855878090376
chr8	10151911	10154411	4.585540174822513	0.0	2.2927700874112564	-8.8440906403499	1.0	Myo16	0.0021760227567559
chr7	141453198	141455698	4.585540174822513	0.0	2.2927700874112564	-8.8440906403499	1.0	Pnpla2	0.0021760227567559
chr9	21422908	21425408	4.585540174822513	0.0	2.2927700874112564	-8.8440906403499	1.0	Dnm2	0.0021760227567559
chr15	78875190	78877690	4.585540174822513	0.0	2.2927700874112564	-8.8440906403499	1.0	Gga1	0.0021760227567559
chr8	86884758	86887258	4.585540174822513	0.0	2.2927700874112564	-8.8440906403499	1.0	N4bp1	0.0021760227567559
chr17	85617898	85620398	4.585540174822513	0.0	2.2927700874112564	-8.8440906403499	1.0	Six3os1	0.0021760227567559
chr17	80288212	80290712	4.585540174822513	0.0	2.2927700874112564	-8.8440906403499	1.0	Morn2	0.0021760227567559
chr9	62836785	62839285	4.585540174822513	0.0	2.2927700874112564	-8.8440906403499	1.0	Cln6	0.0021760227567559
chr15	53345659	53348159	4.585540174822513	0.0	2.2927700874112564	-8.8440906403499	1.0	Ext1	0.0021760227567559
chr6	83775313	83777813	4.605652193133137	0.0	2.302826096566569	-8.850390705320725	1.0	Tex261	0.0021665410610611
chr1	93233841	93236341	4.625764211443762	0.0	2.312882105721881	-8.856663378286564	1.0	Sned1	0.0021571416370388
chr3	38884940	38887440	4.625764211443762	0.0	2.312882105721881	-8.856663378286564	1.0	C230034O21Rik	0.0021571416370388
chr10	75763857	75766357	4.625764211443762	0.0	2.312882105721881	-8.856663378286564	1.0	Cabin1	0.0021571416370388
chr10	117627500	117630000	4.645876229754387	0.0	2.3229381148771937	-8.862908896411609	1.0	Cpm	0.0021478234185206
chr4	115826092	115828592	4.645876229754387	0.0	2.3229381148771937	-8.862908896411609	1.0	Mob3c	0.0021478234185206
chr5	110809597	110812097	4.645876229754387	0.0	2.3229381148771937	-8.862908896411609	1.0	Ulk1	0.0021478234185206
chr13	54787377	54789877	4.6659882480650126	0.0	2.3329941240325063	-8.869127493793217	1.0	Tspan17	0.0021385853576809
chr4	130661321	130663821	4.6659882480650126	0.0	2.3329941240325063	-8.869127493793217	1.0	Pum1	0.0021385853576809
chr9	21614169	21616669	4.6659882480650126	0.0	2.3329941240325063	-8.869127493793217	1.0	Smarca4	0.0021385853576809
chr7	30534560	30537060	4.6659882480650126	0.0	2.3329941240325063	-8.869127493793217	1.0	Arhgap33	0.0021385853576809
chr9	63757494	63759994	4.6659882480650126	0.0	2.3329941240325063	-8.869127493793217	1.0	Smad3	0.0021385853576809
chr11	78535832	78538332	4.6659882480650126	0.0	2.3329941240325063	-8.869127493793217	1.0	Tnfaip1	0.0021385853576809
chr1	105988406	105990906	4.706212284686263	0.0	2.3531061423431314	-8.88148484769616	1.0	Zcchc2	0.002120345607103
chr19	58455409	58457909	4.706212284686263	0.0	2.3531061423431314	-8.88148484769616	1.0	Gfra1	0.002120345607103
chr17	34185553	34188053	4.706212284686263	0.0	2.3531061423431314	-8.88148484769616	1.0	Tap1	0.002120345607103
chr6	115994505	115997005	4.706212284686263	0.0	2.3531061423431314	-8.88148484769616	1.0	Plxnd1	0.002120345607103
chr11	66166035	66168535	4.726324302996888	0.0	2.363162151498444	-8.887624057546297	1.0	Gm12296	0.0021113419099432
chr1	152902146	152904646	4.726324302996888	0.0	2.363162151498444	-8.887624057546297	1.0	Smg7	0.0021113419099432
chr14	70888130	70890630	4.746436321307513	0.0	2.373218160653757	-8.893737253410391	1.0	Gfra2	0.0021024143548822
chr15	75841415	75843915	4.746436321307513	0.0	2.373218160653757	-8.893737253410391	1.0	Zc3h3	0.0021024143548822
chr3	90252163	90254663	4.746436321307513	0.0	2.373218160653757	-8.893737253410391	1.0	Crtc2	0.0021024143548822
chr10	8885570	8888070	4.746436321307513	0.0	2.373218160653757	-8.893737253410391	1.0	Sash1	0.0021024143548822
chr11	106034872	106037372	4.766548339618138	0.0	2.383274169809069	-8.89982465481931	1.0	Dcaf7	0.0020935619801137
chr19	5509989	5512489	4.766548339618138	0.0	2.383274169809069	-8.89982465481931	1.0	Snx32	0.0020935619801137
chr5	137333097	137335597	4.766548339618138	0.0	2.383274169809069	-8.89982465481931	1.0	Slc12a9	0.0020935619801137
chr2	152734251	152736751	4.766548339618138	0.0	2.383274169809069	-8.89982465481931	1.0	Id1	0.0020935619801137
chr5	125433621	125436121	4.786660357928763	0.0	2.3933301789643817	-8.905886478536681	1.0	Dhx37	0.0020847838399627
chr3	122984010	122986510	4.786660357928763	0.0	2.3933301789643817	-8.905886478536681	1.0	Usp53	0.0020847838399627
chr8	110719476	110721976	4.806772376239388	0.0	2.403386188119694	-8.911922938605194	1.0	Mtss1l	0.0020760790045485
chr8	76897442	76899942	4.806772376239388	0.0	2.403386188119694	-8.911922938605194	1.0	Nr3c2	0.0020760790045485
chr8	95331450	95333950	4.826884394550013	0.0	2.4134421972750064	-8.917934246391969	1.0	Zfp319	0.0020674465594562
chr19	56720372	56722872	4.826884394550013	0.0	2.4134421972750064	-8.917934246391969	1.0	Adrb1	0.0020674465594562
chr1	194974375	194976875	4.846996412860638	0.0	2.423498206430319	-8.923920610632946	1.0	A330023F24Rik	0.0020588856054168
chr7	65859734	65862234	4.867108431171263	0.0	2.433554215585632	-8.929882237476388	1.0	Pcsk6	0.0020503952579947
chr15	78840647	78843147	4.867108431171263	0.0	2.433554215585632	-8.929882237476388	1.0	Cdc42ep1	0.0020503952579947
chr5	92277670	92280170	4.867108431171263	0.0	2.433554215585632	-8.929882237476388	1.0	Naaa	0.0020503952579947
chr19	8722869	8725369	4.867108431171263	0.0	2.433554215585632	-8.929882237476388	1.0	Slc3a2	0.0020503952579947
chr18	34506323	34508823	4.867108431171263	0.0	2.433554215585632	-8.929882237476388	1.0	Fam13b	0.0020503952579947
chr7	18923888	18926388	4.887220449481888	0.0	2.443610224740944	-8.935819330525472	1.0	Nova2	0.0020419746472834
chr15	98165806	98168306	4.887220449481888	0.0	2.443610224740944	-8.935819330525472	1.0	Ccdc184	0.0020419746472834
chr4	132510001	132512501	4.887220449481888	0.0	2.443610224740944	-8.935819330525472	1.0	Sesn2	0.0020419746472834
chr13	94055796	94058296	4.927444486103139	0.0	2.4637222430515693	-8.947620717177358	1.0	Lhfpl2	0.002025339227235
chr15	32242813	32245313	4.927444486103139	0.0	2.4637222430515693	-8.947620717177358	1.0	Sema5a	0.002025339227235
chr4	127985857	127988357	4.947556504413764	0.0	2.473778252206882	-8.953485405632371	1.0	Csmd2	0.002017122748091
chr6	145865058	145867558	4.947556504413764	0.0	2.473778252206882	-8.953485405632371	1.0	Bhlhe41	0.002017122748091
chr6	88900251	88902751	4.947556504413764	0.0	2.473778252206882	-8.953485405632371	1.0	Tpra1	0.002017122748091
chr9	25151281	25153781	4.947556504413764	0.0	2.473778252206882	-8.953485405632371	1.0	Herpud2	0.002017122748091
chr8	127061893	127064393	4.967668522724389	0.0	2.4838342613621944	-8.959326350076722	1.0	Pard3	0.0020089726654853
chr16	30550342	30552842	4.967668522724389	0.0	2.4838342613621944	-8.959326350076722	1.0	Tmem44	0.0020089726654853
chr10	127620648	127623148	4.987780541035013	0.0	2.4938902705175066	-8.965143741997302	1.0	Lrp1	0.0020008881778408
